2002	2.3448275862069	20	0.216516546623895
2002	.	32	0.216516546623895
2002	2.17241379310345	19	0.216516546623895
2002	2.34782608695652	17.1	0.216516546623895
2002	2.52173913043478	8	0.216516546623895
2002	.	1	0.216516546623895
2002	2.60869565217391	0	0.216516546623895
2002	3.24137931034483	7	0.216516546623895
2002	.	0	0.216516546623895
2009	.	19	0.0168957697810158
2009	.	6	0.0168957697810158
2009	1.91304347826087	0	0.0168957697810158
2012	2.83333333333333	.	0.136668235886743
2016	1.92	27	0.116706158202456
2016	.	0	0.116706158202456
2016	.	0	0.116706158202456
2016	1.8695652173913	0	0.116706158202456
2016	2.78260869565217	2	0.116706158202456
2016	3.47826086956522	18	0.116706158202456
2016	2.375	10	0.116706158202456
2016	2.43478260869565	0	0.116706158202456
2021	2.90625	0	0.219875556272254
2021	2.11538461538462	0	0.219875556272254
2021	1.61538461538462	0	0.219875556272254
2021	.	0	0.219875556272254
2021	1.51428571428571	0	0.219875556272254
2021	2.07692307692308	0	0.219875556272254
2021	1.92307692307692	0	0.219875556272254
2021	1.60869565217391	0	0.219875556272254
2021	1.61538461538462	0	0.219875556272254
2021	1.61538461538462	0	0.219875556272254
2021	1.65384615384615	0	0.219875556272254
2021	1.53846153846154	0	0.219875556272254
2021	2.03846153846154	0	0.219875556272254
2021	1.66666666666667	0	0.219875556272254
2021	1.65384615384615	0	0.219875556272254
2021	1.56521739130435	0	0.219875556272254
2021	.	0	0.219875556272254
2021	.	0	0.219875556272254
2028	1.52173913043478	30	-0.252855438215064
2028	.	3.8	-0.252855438215064
2028	1.65217391304348	0	-0.252855438215064
2028	2	3.8	-0.252855438215064
2029	.	20	-0.202687084746151
2029	.	29	-0.202687084746151
2029	.	28.5	-0.202687084746151
2029	2.6	13.7222222222222	-0.202687084746151
2029	1.96666666666667	0	-0.202687084746151
2029	2.2	5	-0.202687084746151
2029	2.2	0	-0.202687084746151
2029	3.03333333333333	0	-0.202687084746151
2029	2.20833333333333	1	-0.202687084746151
2029	2.33333333333333	0	-0.202687084746151
2029	2	0	-0.202687084746151
2029	1.59259259259259	0	-0.202687084746151
2029	1.91666666666667	0	-0.202687084746151
2029	1.63888888888889	0	-0.202687084746151
2029	1.33333333333333	0	-0.202687084746151
2029	1.53333333333333	0	-0.202687084746151
2029	1.66666666666667	0	-0.202687084746151
2029	2.08333333333333	2	-0.202687084746151
2029	2.43333333333333	34	-0.202687084746151
2029	.	28	-0.202687084746151
2029	.	16	-0.202687084746151
2031	1.45714285714286	0	-0.167277660953747
2031	1.65714285714286	0	-0.167277660953747
2031	1.52941176470588	.	-0.167277660953747
2035	2.48275862068966	25	0.376973986209348
2041	.	37	-0.308226939691756
2041	.	0	-0.308226939691756
2042	2.15	23	-0.847093581107672
2042	.	20	-0.847093581107672
2042	1.69565217391304	0	-0.847093581107672
2042	1.39130434782609	1	-0.847093581107672
2042	1.97142857142857	0	-0.847093581107672
2049	2.19047619047619	2	-0.645884450531339
2049	.	0	-0.645884450531339
2049	.	0	-0.645884450531339
2049	2.1304347826087	5.9375	-0.645884450531339
2049	1.65384615384615	0	-0.645884450531339
2049	1.69565217391304	0	-0.645884450531339
2049	1.78260869565217	0	-0.645884450531339
2049	3.47826086956522	0	-0.645884450531339
2049	3.17142857142857	0	-0.645884450531339
2049	3.14285714285714	14	-0.645884450531339
2049	3.17142857142857	0	-0.645884450531339
2049	2.77142857142857	0	-0.645884450531339
2049	2.57692307692308	0	-0.645884450531339
2049	2.18181818181818	0	-0.645884450531339
2049	1.97142857142857	0	-0.645884450531339
2049	.	0	-0.645884450531339
2049	3.28571428571429	15	-0.645884450531339
2049	2.28125	0	-0.645884450531339
2049	.	5	-0.645884450531339
2049	.	9	-0.645884450531339
2049	.	0	-0.645884450531339
2069	2.08571428571429	10	-1.02137559193841
2069	1.74418604651163	0	-1.02137559193841
2069	1.72727272727273	0	-1.02137559193841
2069	2.04651162790698	0	-1.02137559193841
2069	2.27027027027027	0	-1.02137559193841
2069	2.63333333333333	1	-1.02137559193841
2069	1.58333333333333	0	-1.02137559193841
2069	1.33333333333333	0	-1.02137559193841
2069	1.82758620689655	0	-1.02137559193841
2069	1.76666666666667	0	-1.02137559193841
2069	2.4	0	-1.02137559193841
2069	3.18518518518519	0	-1.02137559193841
2069	2.92307692307692	0	-1.02137559193841
2069	.	0	-1.02137559193841
2069	.	0	-1.02137559193841
2069	.	0	-1.02137559193841
2075	2.38888888888889	18	-0.212515982882726
2075	.	0	-0.212515982882726
2088	2.2093023255814	17	-0.0176135248286733
2088	.	0	-0.0176135248286733
2089	2.45454545454545	20	-0.163157388752186
2089	.	14	-0.163157388752186
2089	.	0	-0.163157388752186
2094	2.39130434782609	22	-0.57493198943112
2097	2.7037037037037	28	0.34573422028778
2105	2.37037037037037	23	0.0487290161721768
2113	3	32	0.275431114304034
2113	.	2	0.275431114304034
2113	2.45454545454545	19	0.275431114304034
2113	2.11764705882353	1	0.275431114304034
2113	.	1	0.275431114304034
2122	.	31	0.606040220725702
2122	.	0	0.606040220725702
2133	3.4	31	0.415580958057811
2137	2.88888888888889	9	0.182118715008882
2137	2.91304347826087	18	0.182118715008882
2141	2.84210526315789	30	0.110116489300241
2141	.	0	0.110116489300241
2141	.	0	0.110116489300241
2147	.	37	0.793856101930811
2147	.	23	0.793856101930811
2147	.	2	0.793856101930811
2147	2.36666666666667	1	0.793856101930811
2147	2.5625	4	0.793856101930811
2147	2.59375	0	0.793856101930811
2147	2.83870967741935	0	0.793856101930811
2147	2.59375	0	0.793856101930811
2147	2.14285714285714	1	0.793856101930811
2147	2.45714285714286	0	0.793856101930811
2155	.	6	-0.405607858217208
2155	.	0	-0.405607858217208
2162	2	17	-0.736148937196139
2162	.	0	-0.736148937196139
2162	.	0	-0.736148937196139
2167	3	32	-0.00896467221181262
2185	4	33	0.728921366855599
2185	3.36363636363636	0	0.728921366855599
2185	3.70588235294118	0	0.728921366855599
2185	3.04761904761905	0	0.728921366855599
2185	2.18181818181818	1	0.728921366855599
2185	2.84615384615385	0	0.728921366855599
2185	3.16666666666667	0	0.728921366855599
2185	2.80769230769231	0	0.728921366855599
2185	2.8	1	0.728921366855599
2185	.	9.5	0.728921366855599
2185	.	5	0.728921366855599
2185	.	6	0.728921366855599
2210	2.38235294117647	22	-0.347200270276758
2210	1.47222222222222	0	-0.347200270276758
2210	1.83333333333333	0	-0.347200270276758
2210	1.63333333333333	0	-0.347200270276758
2210	1.77777777777778	0	-0.347200270276758
2210	2.27272727272727	1	-0.347200270276758
2210	1.84375	1	-0.347200270276758
2210	1.68292682926829	1	-0.347200270276758
2210	2	2	-0.347200270276758
2210	1.9	0	-0.347200270276758
2210	.	0	-0.347200270276758
2210	1.25714285714286	0	-0.347200270276758
2212	2.15151515151515	23	-0.00585206474283997
2212	2.02702702702703	0	-0.00585206474283997
2212	1.46666666666667	0	-0.00585206474283997
2212	1.93333333333333	0	-0.00585206474283997
2212	1.4	0	-0.00585206474283997
2212	.	0	-0.00585206474283997
2212	1.26923076923077	0	-0.00585206474283997
2215	2.20833333333333	15	0.246328363033909
2215	.	0	0.246328363033909
2215	2.20833333333333	0	0.246328363033909
2215	1.85714285714286	0	0.246328363033909
2234	3.27272727272727	6	0.293935387465059
2234	.	0	0.293935387465059
2234	2.05	.	0.293935387465059
2235	.	34	0.0498548830882818
2235	3.45833333333333	26	0.0498548830882818
2235	2.52173913043478	1	0.0498548830882818
2235	2.78260869565217	6	0.0498548830882818
2235	3.26086956521739	0	0.0498548830882818
2235	3.1304347826087	2	0.0498548830882818
2235	2.82608695652174	0	0.0498548830882818
2241	2.35714285714286	28	-0.129348589301882
2241	.	30	-0.129348589301882
2241	2.35714285714286	0	-0.129348589301882
2241	1.56666666666667	0	-0.129348589301882
2241	.	0	-0.129348589301882
2241	1.56666666666667	0	-0.129348589301882
2241	1.53846153846154	0	-0.129348589301882
2241	1.33333333333333	0	-0.129348589301882
2241	1.1	0	-0.129348589301882
2241	1.59259259259259	0	-0.129348589301882
2241	1.33333333333333	0	-0.129348589301882
2241	1.23333333333333	0	-0.129348589301882
2241	1.4	0	-0.129348589301882
2241	.	0	-0.129348589301882
2241	.	21	-0.129348589301882
2241	.	0	-0.129348589301882
2241	.	12	-0.129348589301882
2253	2.63333333333333	32	-0.442831373476455
2253	.	0	-0.442831373476455
2253	1.45	0	-0.442831373476455
2253	1.29411764705882	0	-0.442831373476455
2253	1.17647058823529	0	-0.442831373476455
2253	1.15	0	-0.442831373476455
2253	1.1875	0	-0.442831373476455
2253	2	10	-0.442831373476455
2253	2	2	-0.442831373476455
2253	1.31578947368421	0	-0.442831373476455
2253	1.42105263157895	0	-0.442831373476455
2253	1.36	0	-0.442831373476455
2253	1.26923076923077	0	-0.442831373476455
2253	1.46153846153846	1	-0.442831373476455
2253	1.63636363636364	1	-0.442831373476455
2253	.	0	-0.442831373476455
2253	.	0	-0.442831373476455
2253	.	0	-0.442831373476455
2255	1	27	-0.0457654513152233
2324	2.13333333333333	17	-0.590996023899965
2324	.	0	-0.590996023899965
2324	1.35897435897436	0	-0.590996023899965
2334	2.25714285714286	0	-0.504182671101503
2334	.	21	-0.504182671101503
2334	.	11.1764705882353	-0.504182671101503
2334	.	0	-0.504182671101503
2350	2.78378378378378	32	0.207010888193395
2352	3.33333333333333	24	0.310152566106882
2356	.	32	-0.0843605969970921
2356	1.84615384615385	0	-0.0843605969970921
2356	2.6969696969697	6.33333333333333	-0.0843605969970921
2356	3.26315789473684	0	-0.0843605969970921
2356	2.46511627906977	9.5	-0.0843605969970921
2356	2.11111111111111	.	-0.0843605969970921
2356	2.42307692307692	9	-0.0843605969970921
2356	2.47619047619048	1	-0.0843605969970921
2356	2.17857142857143	15.8333333333333	-0.0843605969970921
2363	2.25	15	-0.391022468860776
2363	.	0	-0.391022468860776
2363	.	0	-0.391022468860776
2363	1.70588235294118	.	-0.391022468860776
2363	1.34285714285714	0	-0.391022468860776
2363	1.20454545454545	0	-0.391022468860776
2363	1.35555555555556	0	-0.391022468860776
2363	1.17948717948718	1	-0.391022468860776
2363	1.33333333333333	0	-0.391022468860776
2363	1.33333333333333	0	-0.391022468860776
2363	1.35897435897436	0	-0.391022468860776
2363	1.40540540540541	0	-0.391022468860776
2363	2.02631578947368	1	-0.391022468860776
2363	1.54054054054054	0	-0.391022468860776
2363	1.51351351351351	0	-0.391022468860776
2363	1.58064516129032	0	-0.391022468860776
2363	1.52631578947368	0	-0.391022468860776
2363	1.35135135135135	0	-0.391022468860776
2363	.	0	-0.391022468860776
2363	.	0	-0.391022468860776
2363	.	0	-0.391022468860776
2363	.	0	-0.391022468860776
2371	2.42105263157895	30	0.323536801055549
2385	2.89655172413793	18	0.187201638160611
2385	2.86666666666667	11.1764705882353	0.187201638160611
2385	2.35483870967742	10.5555555555556	0.187201638160611
2385	2.62962962962963	10	0.187201638160611
2385	1.92592592592593	0	0.187201638160611
2385	2.45	2	0.187201638160611
2385	1.94736842105263	5	0.187201638160611
2385	1.74074074074074	0	0.187201638160611
2385	2.88461538461538	11	0.187201638160611
2385	3.14285714285714	2	0.187201638160611
2385	2.54166666666667	0	0.187201638160611
2385	2.86363636363636	1	0.187201638160611
2385	2.92	1	0.187201638160611
2385	2.4	0	0.187201638160611
2385	2.38888888888889	0	0.187201638160611
2385	3.11764705882353	16	0.187201638160611
2385	.	16	0.187201638160611
2385	.	0	0.187201638160611
2385	.	10	0.187201638160611
2387	2.70588235294118	0	0.469870028170336
2387	.	0	0.469870028170336
2387	2.51515151515152	7	0.469870028170336
2387	2.48148148148148	0	0.469870028170336
2387	2.93939393939394	8	0.469870028170336
2387	.	0	0.469870028170336
2388	3.04166666666667	28	0.948695537986774
2388	.	6.33333333333333	0.948695537986774
2388	.	0	0.948695537986774
2392	.	0	-0.643290010295779
2392	1.65	0	-0.643290010295779
2392	1.79487179487179	0	-0.643290010295779
2392	1.53846153846154	0	-0.643290010295779
2392	1.35135135135135	0	-0.643290010295779
2392	1.43333333333333	0	-0.643290010295779
2392	1.54285714285714	0	-0.643290010295779
2392	1.5625	0	-0.643290010295779
2392	3.03333333333333	0	-0.643290010295779
2392	1.59090909090909	0	-0.643290010295779
2392	1.4	0	-0.643290010295779
2392	.	0	-0.643290010295779
2405	2.25	26	-0.676363398341758
2405	2.25	0	-0.676363398341758
2405	2.60606060606061	0	-0.676363398341758
2412	1.97058823529412	25	-0.30716534891674
2412	2.64444444444444	11.4	-0.30716534891674
2412	2.46153846153846	0	-0.30716534891674
2412	2.41025641025641	0	-0.30716534891674
2412	2.64516129032258	0	-0.30716534891674
2412	2.83870967741935	9	-0.30716534891674
2436	2.77142857142857	31	-0.0030663079032721
2436	.	26	-0.0030663079032721
2436	2.31428571428571	0	-0.0030663079032721
2436	3.17391304347826	0	-0.0030663079032721
2436	2.53846153846154	0	-0.0030663079032721
2436	2.42307692307692	0	-0.0030663079032721
2436	3.03846153846154	0	-0.0030663079032721
2436	2.15384615384615	0	-0.0030663079032721
2436	2.38461538461538	0	-0.0030663079032721
2436	2.52173913043478	0	-0.0030663079032721
2436	1.61538461538462	0	-0.0030663079032721
2436	1.82608695652174	0	-0.0030663079032721
2436	2.56	1	-0.0030663079032721
2436	2.17391304347826	0	-0.0030663079032721
2436	.	0	-0.0030663079032721
2436	.	0	-0.0030663079032721
2436	.	0	-0.0030663079032721
2438	2.33333333333333	31	0.318036823566423
2438	2.02564102564103	0	0.318036823566423
2438	2.61764705882353	2	0.318036823566423
2438	2.34285714285714	19	0.318036823566423
2438	2.11538461538462	0	0.318036823566423
2468	3.44	23	0.205017242328846
2468	.	0	0.205017242328846
2468	2.24	21	0.205017242328846
2468	2	17	0.205017242328846
2468	2.11428571428571	15.2	0.205017242328846
2468	1.97058823529412	19	0.205017242328846
2468	1.88571428571429	2	0.205017242328846
2468	2.25714285714286	1	0.205017242328846
2468	1.96153846153846	0	0.205017242328846
2468	2.11538461538462	0	0.205017242328846
2468	2	1	0.205017242328846
2468	1.92307692307692	1	0.205017242328846
2468	1.76923076923077	1	0.205017242328846
2468	1.65384615384615	1	0.205017242328846
2468	1.76923076923077	1	0.205017242328846
2468	1.92307692307692	0	0.205017242328846
2468	1.96774193548387	1	0.205017242328846
2468	1.875	1	0.205017242328846
2468	2.38461538461538	9	0.205017242328846
2468	.	6.33333333333333	0.205017242328846
2468	.	2	0.205017242328846
2468	.	9	0.205017242328846
2472	2.26086956521739	8.94117647058824	0.271424059470784
2479	.	3.45454545454545	-0.108606162848877
2479	2.43478260869565	10	-0.108606162848877
2479	.	0	-0.108606162848877
2479	2.04347826086957	6	-0.108606162848877
2479	1.73913043478261	0	-0.108606162848877
2479	1.65217391304348	0	-0.108606162848877
2479	1.82608695652174	0	-0.108606162848877
2479	1.52173913043478	0	-0.108606162848877
2479	1.60869565217391	0	-0.108606162848877
2479	1.78260869565217	0	-0.108606162848877
2479	.	0	-0.108606162848877
2479	1.52173913043478	0	-0.108606162848877
2479	1.34782608695652	1	-0.108606162848877
2479	.	0	-0.108606162848877
2479	.	0	-0.108606162848877
2479	.	0	-0.108606162848877
2479	.	0	-0.108606162848877
2481	2.56521739130435	26	0.106279213478615
2481	.	0	0.106279213478615
2481	2.30434782608696	11.875	0.106279213478615
2481	2.65217391304348	20.7272727272727	0.106279213478615
2481	2.31034482758621	2	0.106279213478615
2481	2	6	0.106279213478615
2481	2.17391304347826	1	0.106279213478615
2481	.	4	0.106279213478615
2481	.	11	0.106279213478615
2489	2.35	31	0.597133736442025
2496	1.66666666666667	22	0.682153246665166
2496	.	0	0.682153246665166
2496	.	0	0.682153246665166
2496	1.78571428571429	0	0.682153246665166
2496	2.17241379310345	.	0.682153246665166
2496	1.80769230769231	0	0.682153246665166
2496	2.08695652173913	1	0.682153246665166
2496	2.36363636363636	1	0.682153246665166
2498	2.47058823529412	34	0.162185795333068
2498	2.30434782608696	0	0.162185795333068
2498	2.51851851851852	7.6	0.162185795333068
2498	2.31818181818182	2	0.162185795333068
2501	.	9	0.136668235886743
2502	2.83333333333333	22	0.287387399741147
2502	2.1304347826087	6	0.287387399741147
2502	1.91304347826087	0	0.287387399741147
2502	2.04347826086957	.	0.287387399741147
2502	2.21739130434783	3	0.287387399741147
2502	1.72222222222222	1	0.287387399741147
2502	1.93333333333333	1	0.287387399741147
2502	.	4	0.287387399741147
2523	2.59090909090909	27	-0.862905531578691
2523	1.88571428571429	0	-0.862905531578691
2523	.	4	-0.862905531578691
2547	2.24137931034483	19	0.300617433146435
2547	3.48571428571429	5.7	0.300617433146435
2547	3.85185185185185	11	0.300617433146435
2549	3	.	0.0916313023547308
2549	2.23076923076923	0	0.0916313023547308
2566	3.2972972972973	26	0.734938672344599
2566	.	0	0.734938672344599
2566	.	0	0.734938672344599
2566	2.5625	0	0.734938672344599
2566	3	23	0.734938672344599
2566	3.82608695652174	29	0.734938672344599
2602	2.23529411764706	26	0.061821240318353
2602	2.74285714285714	.	0.061821240318353
2602	2	0	0.061821240318353
2602	1.92307692307692	0	0.061821240318353
2602	2.375	2	0.061821240318353
2602	1.72093023255814	0	0.061821240318353
2602	1.78947368421053	0	0.061821240318353
2602	.	4	0.061821240318353
2602	.	5	0.061821240318353
2615	2.73076923076923	26	0.0404884717690556
2615	2.7037037037037	17	0.0404884717690556
2615	.	16.8888888888889	0.0404884717690556
2630	2.73076923076923	36	0.32479872285713
2630	.	25	0.32479872285713
2630	2.03846153846154	12	0.32479872285713
2630	1.41379310344828	4	0.32479872285713
2630	1.8695652173913	2	0.32479872285713
2630	1.46153846153846	0	0.32479872285713
2630	1.59375	0	0.32479872285713
2630	1.53125	0	0.32479872285713
2630	.	0	0.32479872285713
2630	1.90243902439024	0	0.32479872285713
2630	2.02439024390244	0	0.32479872285713
2630	1.64285714285714	0	0.32479872285713
2630	2	1	0.32479872285713
2630	.	0	0.32479872285713
2630	1.82222222222222	0	0.32479872285713
2630	.	0	0.32479872285713
2630	.	0	0.32479872285713
2630	.	0	0.32479872285713
2630	.	0	0.32479872285713
2630	.	0	0.32479872285713
2632	2	21	-0.15364309638089
2632	.	0	-0.15364309638089
2632	1.97435897435897	0	-0.15364309638089
2684	1.88235294117647	23	-0.221749033247724
2684	1.48571428571429	0	-0.221749033247724
2690	2.87096774193548	13	0.266349453738378
2694	1.30769230769231	28	0.232824347671243
2694	1.46666666666667	0	0.232824347671243
2694	1.19444444444444	0	0.232824347671243
2694	1.25	0	0.232824347671243
2694	1.60606060606061	0	0.232824347671243
2694	2.96774193548387	0	0.232824347671243
2694	1.38709677419355	0	0.232824347671243
2694	3.94444444444444	0	0.232824347671243
2697	3.38095238095238	30	0.581999552018156
2697	.	23	0.581999552018156
2697	2.4	0	0.581999552018156
2697	2.29166666666667	.	0.581999552018156
2697	2.06666666666667	1	0.581999552018156
2697	2.60869565217391	22	0.581999552018156
2697	1.94444444444444	7	0.581999552018156
2697	2.03333333333333	24	0.581999552018156
3017	3.93333333333333	30	0.720833966625455
3075	2.20689655172414	8	-0.0869116016807139
3075	1.91304347826087	0	-0.0869116016807139
3075	.	0	-0.0869116016807139
3075	.	0	-0.0869116016807139
3075	1.5609756097561	0	-0.0869116016807139
3075	2.09090909090909	0	-0.0869116016807139
3075	1.26923076923077	0	-0.0869116016807139
3104	3.03225806451613	10.1333333333333	0.306459420035677
3107	2.58333333333333	28	0.462084710535643
3107	1.8695652173913	4	0.462084710535643
3107	1.79166666666667	0	0.462084710535643
3107	2.60869565217391	0	0.462084710535643
3107	.	34	0.462084710535643
3107	.	0	0.462084710535643
3156	2.83333333333333	7.125	0.511361696683215
3156	.	0	0.511361696683215
3156	2.41666666666667	0	0.511361696683215
3156	2.33333333333333	.	0.511361696683215
3156	2.38461538461538	0	0.511361696683215
3156	2.5	0	0.511361696683215
3156	2.6969696969697	0	0.511361696683215
3156	2.56410256410256	0	0.511361696683215
3156	.	0	0.511361696683215
3156	2.64102564102564	0	0.511361696683215
3156	2.35897435897436	0	0.511361696683215
3156	2.57575757575758	1	0.511361696683215
3156	.	9	0.511361696683215
3156	.	17	0.511361696683215
3163	.	1.26666666666667	-0.0030663079032721
3166	2.36	26	0.65136015063765
3166	2.88571428571429	24	0.65136015063765
3166	3.05882352941176	21	0.65136015063765
3196	1.48780487804878	0	-0.617792594435371
3196	1.65	0	-0.617792594435371
3196	1.62222222222222	0	-0.617792594435371
3196	1.38461538461538	0	-0.617792594435371
3196	1.34375	0	-0.617792594435371
3196	1.26923076923077	0	-0.617792594435371
3196	1.42307692307692	0	-0.617792594435371
3196	1.6	0	-0.617792594435371
3196	1.42307692307692	0	-0.617792594435371
3196	1.48780487804878	0	-0.617792594435371
3196	1.4375	0	-0.617792594435371
3196	1.17073170731707	0	-0.617792594435371
3196	1.39024390243902	0	-0.617792594435371
3196	1.51428571428571	0	-0.617792594435371
3196	1.36585365853659	0	-0.617792594435371
3196	1.46341463414634	0	-0.617792594435371
3196	1.46341463414634	0	-0.617792594435371
3196	1.37142857142857	0	-0.617792594435371
3196	1.30769230769231	0	-0.617792594435371
3196	.	0	-0.617792594435371
3196	.	0	-0.617792594435371
3196	.	7	-0.617792594435371
3228	2.22857142857143	0	0.0368578474653038
3228	2.2	10	0.0368578474653038
3228	2.17948717948718	3	0.0368578474653038
3228	1.89473684210526	0	0.0368578474653038
3228	2.08108108108108	0	0.0368578474653038
3228	1.87878787878788	0	0.0368578474653038
3228	.	0	0.0368578474653038
3228	.	0	0.0368578474653038
3229	2.38461538461538	11.1764705882353	0.0368578474653038
3230	2.96875	2.92307692307692	0.125269625790178
3230	2.46153846153846	13	0.125269625790178
3230	3.11538461538462	.	0.125269625790178
3230	3.26923076923077	0	0.125269625790178
3230	3.21875	0	0.125269625790178
3230	3	4	0.125269625790178
3230	3.26086956521739	.	0.125269625790178
3230	3.08333333333333	0	0.125269625790178
3230	3	12	0.125269625790178
3230	3.08	0	0.125269625790178
3230	3.1304347826087	1	0.125269625790178
3230	3.04166666666667	1	0.125269625790178
3230	3.1304347826087	0	0.125269625790178
3230	3.38095238095238	0	0.125269625790178
6018	3.07407407407407	19	0.315395642352368
6018	2.19354838709677	1.35714285714286	0.315395642352368
6018	2.15384615384615	9.5	0.315395642352368
6018	2.15	0	0.315395642352368
6018	2.1304347826087	0	0.315395642352368
6018	2.34782608695652	9.5	0.315395642352368
6018	.	0	0.315395642352368
6018	2.08695652173913	9	0.315395642352368
6018	2.30434782608696	1	0.315395642352368
6018	3.05263157894737	0	0.315395642352368
6019	2.26086956521739	0	-0.0449598138303125
6019	2.05714285714286	0	-0.0449598138303125
6019	1.80769230769231	0	-0.0449598138303125
6019	2.09375	0	-0.0449598138303125
6019	.	0	-0.0449598138303125
6027	3.5	14	0.556178361008891
6027	2.2	0	0.556178361008891
6027	3.60869565217391	9.5	0.556178361008891
6027	1.24137931034483	0	0.556178361008891
6027	2.41379310344828	0	0.556178361008891
6027	2.58823529411765	1	0.556178361008891
6027	.	13	0.556178361008891
6027	3.6	12.6666666666667	0.556178361008891
6027	3.84615384615385	10	0.556178361008891
6027	3.76470588235294	2	0.556178361008891
6027	3.5	1	0.556178361008891
6027	.	0	0.556178361008891
6027	3.58333333333333	0	0.556178361008891
6027	.	0	0.556178361008891
6027	.	0	0.556178361008891
6027	3.64285714285714	0	0.556178361008891
6027	2.76470588235294	2	0.556178361008891
6027	2.75	0	0.556178361008891
6027	3	0	0.556178361008891
6027	.	0	0.556178361008891
6027	.	0	0.556178361008891
6051	1.41379310344828	11	-1.22141921809716
6051	1.75862068965517	0	-1.22141921809716
6051	1.65217391304348	0	-1.22141921809716
6051	1.85714285714286	0	-1.22141921809716
6051	1.80487804878049	0	-1.22141921809716
6051	1.5	0	-1.22141921809716
6051	1.45098039215686	0	-1.22141921809716
6051	1.45454545454545	0	-1.22141921809716
6051	1.825	0	-1.22141921809716
6051	1.58139534883721	0	-1.22141921809716
6051	1.53333333333333	0	-1.22141921809716
6051	1.54545454545455	0	-1.22141921809716
6051	1.44444444444444	0	-1.22141921809716
6051	1.26666666666667	0	-1.22141921809716
6055	2.17241379310345	0	-0.196789676571945
6055	1.94285714285714	5.27777777777778	-0.196789676571945
6055	1.60869565217391	1	-0.196789676571945
6055	1.95652173913043	1	-0.196789676571945
6055	1.82608695652174	0	-0.196789676571945
6055	1.79310344827586	0	-0.196789676571945
6055	1.71428571428571	0	-0.196789676571945
6055	1.37931034482759	0	-0.196789676571945
6055	1.93103448275862	0	-0.196789676571945
6055	1.75	7	-0.196789676571945
6055	1.86206896551724	0	-0.196789676571945
6055	1.93103448275862	1	-0.196789676571945
6055	1.90625	0	-0.196789676571945
6055	1.86206896551724	0	-0.196789676571945
6055	1.60869565217391	0	-0.196789676571945
6055	2.60606060606061	.	-0.196789676571945
6055	1.93103448275862	2	-0.196789676571945
6055	1.75862068965517	5	-0.196789676571945
6055	.	7	-0.196789676571945
6063	2.51724137931034	8.3125	0.427900290879782
6063	2.91304347826087	1	0.427900290879782
6063	2.43478260869565	.	0.427900290879782
6063	2.76923076923077	.	0.427900290879782
6063	2.95652173913043	1	0.427900290879782
6063	2.44	1	0.427900290879782
6063	1.6551724137931	0	0.427900290879782
6063	1.89655172413793	0	0.427900290879782
6063	1.56410256410256	0	0.427900290879782
6063	1.85714285714286	1	0.427900290879782
6063	.	0	0.427900290879782
6063	.	0	0.427900290879782
6063	.	0	0.427900290879782
6063	.	0	0.427900290879782
6072	1.82352941176471	8.86666666666667	0.00668447924007708
6072	1.91428571428571	3.16666666666667	0.00668447924007708
6072	1.68571428571429	0	0.00668447924007708
6072	1.73684210526316	0	0.00668447924007708
6072	1.59090909090909	0	0.00668447924007708
6072	1.87179487179487	0	0.00668447924007708
6072	1.84848484848485	0	0.00668447924007708
6072	1.87179487179487	1	0.00668447924007708
6072	1.8974358974359	0	0.00668447924007708
6072	1.64705882352941	0	0.00668447924007708
6072	1.46153846153846	0	0.00668447924007708
6072	1.83783783783784	0	0.00668447924007708
6072	1.62790697674419	0	0.00668447924007708
6072	1.55102040816327	0	0.00668447924007708
6072	1.63333333333333	0	0.00668447924007708
6072	1.72972972972973	0	0.00668447924007708
6072	2.09090909090909	0	0.00668447924007708
6072	2	0	0.00668447924007708
6072	1.84090909090909	0	0.00668447924007708
6072	.	0	0.00668447924007708
6072	.	0	0.00668447924007708
6075	2.51851851851852	7	-0.0370489550109281
6075	2.69230769230769	16	-0.0370489550109281
6075	2.68571428571429	15.2	-0.0370489550109281
6075	2.85714285714286	10	-0.0370489550109281
6075	2.31428571428571	5	-0.0370489550109281
6075	2.46875	2	-0.0370489550109281
6075	2	0	-0.0370489550109281
6075	2.21875	13	-0.0370489550109281
6075	3.53846153846154	9	-0.0370489550109281
6075	2.53846153846154	1	-0.0370489550109281
6075	2.57692307692308	0	-0.0370489550109281
6075	2.54166666666667	8	-0.0370489550109281
6075	.	1	-0.0370489550109281
6075	2.80769230769231	13	-0.0370489550109281
6075	2.83333333333333	13	-0.0370489550109281
6075	.	14	-0.0370489550109281
6075	.	9	-0.0370489550109281
6075	.	8.44444444444444	-0.0370489550109281
6084	2.55263157894737	13.0625	-0.430305583401975
6084	2.15	0	-0.430305583401975
6084	1.75555555555556	0	-0.430305583401975
6084	1.97435897435897	0	-0.430305583401975
6084	1.56410256410256	0	-0.430305583401975
6084	1.8974358974359	0	-0.430305583401975
6084	1.85714285714286	0	-0.430305583401975
6084	1.38461538461538	0	-0.430305583401975
6084	1.67741935483871	0	-0.430305583401975
6084	1.66666666666667	0	-0.430305583401975
6084	1.72413793103448	0	-0.430305583401975
6102	3.2	23	0.805807079640775
6102	2.73076923076923	12	0.805807079640775
6102	2.37142857142857	5	0.805807079640775
6102	1.85714285714286	1	0.805807079640775
6102	2	0	0.805807079640775
6102	2.2	1	0.805807079640775
6102	2.17142857142857	0	0.805807079640775
6102	2.05714285714286	0	0.805807079640775
6115	2.525	0	-0.563695951050157
6115	2.4	20	-0.563695951050157
6115	3.55263157894737	17.1	-0.563695951050157
6115	2.83783783783784	1	-0.563695951050157
6115	3.22857142857143	2	-0.563695951050157
6115	2.05128205128205	1	-0.563695951050157
6115	2.6	0	-0.563695951050157
6115	.	0	-0.563695951050157
6115	2.38461538461538	2	-0.563695951050157
6115	.	21	-0.563695951050157
6115	.	11.1764705882353	-0.563695951050157
6128	2.68571428571429	.	-0.243515327042935
6128	2.6	0	-0.243515327042935
6128	1.53333333333333	0	-0.243515327042935
6128	2.58536585365854	1	-0.243515327042935
6128	3.21212121212121	0	-0.243515327042935
6156	2.60869565217391	22.8	-0.430975554006163
6156	2.43589743589744	0	-0.430975554006163
6156	2.61538461538462	.	-0.430975554006163
6156	2.5	1	-0.430975554006163
6156	2.38461538461538	0	-0.430975554006163
6156	3.125	24	-0.430975554006163
6156	2.4	0	-0.430975554006163
6156	2.53846153846154	0	-0.430975554006163
6156	2.48571428571429	0	-0.430975554006163
6156	2.31428571428571	0	-0.430975554006163
6156	2.2	0	-0.430975554006163
6156	2.42857142857143	0	-0.430975554006163
6156	2.97142857142857	0	-0.430975554006163
6156	2.71428571428571	0	-0.430975554006163
6156	2.51428571428571	0	-0.430975554006163
6156	2.51428571428571	0	-0.430975554006163
6156	2.84615384615385	0	-0.430975554006163
6156	.	0	-0.430975554006163
6156	.	0	-0.430975554006163
6156	.	0	-0.430975554006163
6166	2	6.90909090909091	-0.805009401541084
6166	1.73076923076923	0	-0.805009401541084
6166	2.29166666666667	0	-0.805009401541084
6166	2.34615384615385	0	-0.805009401541084
6168	2.67567567567568	.	-0.184330339706309
6168	2.86363636363636	16	-0.184330339706309
6168	2.66666666666667	0	-0.184330339706309
6168	3.09090909090909	0	-0.184330339706309
6168	2.71052631578947	0	-0.184330339706309
6168	2.75675675675676	0	-0.184330339706309
6168	2.57894736842105	0	-0.184330339706309
6168	2.59459459459459	0	-0.184330339706309
6168	2.51351351351351	0	-0.184330339706309
6168	2.81818181818182	0	-0.184330339706309
6168	2.64864864864865	0	-0.184330339706309
6168	2.59459459459459	0	-0.184330339706309
6168	2.97297297297297	1	-0.184330339706309
6168	2.62162162162162	0	-0.184330339706309
6168	2.66666666666667	0	-0.184330339706309
6168	2.25581395348837	0	-0.184330339706309
6168	2.59459459459459	0	-0.184330339706309
6168	.	11	-0.184330339706309
6168	.	22	-0.184330339706309
6168	.	8	-0.184330339706309
6168	.	6	-0.184330339706309
6171	2.47826086956522	17	-0.319845256886135
6171	.	11	-0.319845256886135
6171	1.92307692307692	.	-0.319845256886135
6171	1.6875	0	-0.319845256886135
6171	2.17073170731707	1	-0.319845256886135
6172	2.55263157894737	31	0.621193399479462
6172	2.64705882352941	0	0.621193399479462
6172	2.43181818181818	0	0.621193399479462
6172	1.91111111111111	6.33333333333333	0.621193399479462
6172	1.77777777777778	0	0.621193399479462
6172	1.88888888888889	1	0.621193399479462
6172	1.83333333333333	2	0.621193399479462
6172	.	0	0.621193399479462
6172	.	16	0.621193399479462
6173	2.39024390243902	9.5	0.109637789161218
6173	2.6	22	0.109637789161218
6173	2.48148148148148	18	0.109637789161218
6173	2.625	5	0.109637789161218
6173	2.19230769230769	28	0.109637789161218
6173	1.97142857142857	0	0.109637789161218
6173	2.08	1	0.109637789161218
6173	2.03846153846154	0	0.109637789161218
6173	1.80769230769231	0	0.109637789161218
6173	.	1	0.109637789161218
6181	2.23529411764706	10.5555555555556	-1.12542486362079
6181	1.875	3.8	-1.12542486362079
6181	1.82758620689655	0	-1.12542486362079
6181	2.14285714285714	0	-1.12542486362079
6183	2.59459459459459	16	0.530756160249997
6183	1.84615384615385	0	0.530756160249997
6183	1.97435897435897	0	0.530756160249997
6183	2.55263157894737	0	0.530756160249997
6183	2.48717948717949	0	0.530756160249997
6183	2.41025641025641	0	0.530756160249997
6183	2.43589743589744	0	0.530756160249997
6183	2.28205128205128	0	0.530756160249997
6183	2.25641025641026	0	0.530756160249997
6183	2.15384615384615	2	0.530756160249997
6183	2.2972972972973	0	0.530756160249997
6183	2.66666666666667	3.35294117647059	0.530756160249997
6183	2.56410256410256	0	0.530756160249997
6183	2.10810810810811	0	0.530756160249997
6183	2.51351351351351	0	0.530756160249997
6183	1.97297297297297	0	0.530756160249997
6183	.	0	0.530756160249997
6183	.	0	0.530756160249997
6183	.	9	0.530756160249997
6186	2.775	1	0.247065623424437
6186	1.77777777777778	0	0.247065623424437
6195	2.20512820512821	0	-0.01711950189662
6195	1.70588235294118	0	-0.01711950189662
6195	2.64285714285714	5	-0.01711950189662
6195	3.40740740740741	17	-0.01711950189662
6197	2.93939393939394	22	0.185203784005135
6197	3.03225806451613	13.3	0.185203784005135
6197	1.94285714285714	0	0.185203784005135
6197	2.34285714285714	1	0.185203784005135
6197	2.23809523809524	7	0.185203784005135
6197	2.04347826086957	10	0.185203784005135
6197	.	24	0.185203784005135
6197	2.26315789473684	0	0.185203784005135
6199	1.71428571428571	0	-0.844761837150554
6199	1.58620689655172	0	-0.844761837150554
6199	1.45714285714286	0	-0.844761837150554
6199	1.5	0	-0.844761837150554
6199	1.54285714285714	0	-0.844761837150554
6199	1.91428571428571	0	-0.844761837150554
6199	1.94285714285714	0	-0.844761837150554
6199	1.68571428571429	0	-0.844761837150554
6199	1.65714285714286	0	-0.844761837150554
6199	1.71428571428571	1	-0.844761837150554
6199	1.54285714285714	0	-0.844761837150554
6199	1.88235294117647	0	-0.844761837150554
6199	1.85714285714286	0	-0.844761837150554
6199	1.84848484848485	0	-0.844761837150554
6199	1.93939393939394	0	-0.844761837150554
6199	1.67647058823529	0	-0.844761837150554
6199	1.6969696969697	12	-0.844761837150554
6199	.	17.9444444444444	-0.844761837150554
6212	1.625	0	-0.773842968783526
6212	1.8780487804878	0	-0.773842968783526
6212	1.82926829268293	7	-0.773842968783526
6212	1.625	0	-0.773842968783526
6212	1.6551724137931	0	-0.773842968783526
6212	1.75	0	-0.773842968783526
6212	1.60975609756098	0	-0.773842968783526
6212	1.77142857142857	0	-0.773842968783526
6212	1.6969696969697	0	-0.773842968783526
6212	1.6	0	-0.773842968783526
6212	1.48571428571429	0	-0.773842968783526
6214	.	23	0.259810544638773
6214	2.5	15.2	0.259810544638773
6214	2	0	0.259810544638773
6214	1.95	19	0.259810544638773
6215	2.75862068965517	10	-0.95741738108504
6215	2.08571428571429	0	-0.95741738108504
6215	2.14285714285714	0	-0.95741738108504
6215	1.69565217391304	0	-0.95741738108504
6215	1.88888888888889	0	-0.95741738108504
6215	1.73913043478261	1	-0.95741738108504
6215	1.90625	1	-0.95741738108504
6215	1.8	0	-0.95741738108504
6223	2.19512195121951	5	-0.828746276095912
6223	2.17073170731707	3.8	-0.828746276095912
6223	2.68292682926829	1	-0.828746276095912
6223	2.48780487804878	1	-0.828746276095912
6223	2.34285714285714	0	-0.828746276095912
6223	2.6	1	-0.828746276095912
6223	2.35294117647059	1	-0.828746276095912
6223	2.38461538461538	11	-0.828746276095912
6223	2.5	0	-0.828746276095912
6223	.	0	-0.828746276095912
6223	2.11538461538462	7	-0.828746276095912
6223	.	0	-0.828746276095912
6223	.	12	-0.828746276095912
6223	.	5	-0.828746276095912
6223	.	6	-0.828746276095912
6228	2.39130434782609	1	-0.347112338523238
6228	1.56521739130435	0	-0.347112338523238
6228	1.86206896551724	0	-0.347112338523238
6228	1.89655172413793	0	-0.347112338523238
6228	1.43478260869565	0	-0.347112338523238
6228	1.58620689655172	0	-0.347112338523238
6228	1.41379310344828	0	-0.347112338523238
6228	1.21739130434783	0	-0.347112338523238
6228	1.19512195121951	0	-0.347112338523238
6233	2.46875	1	-0.562430678301438
6234	.	22	0.0368578474653038
6234	2.03448275862069	4	0.0368578474653038
6239	.	3	-0.222649162430439
6239	1.46341463414634	0	-0.222649162430439
6239	1.57692307692308	0	-0.222649162430439
6239	1.3448275862069	0	-0.222649162430439
6239	1.89655172413793	0	-0.222649162430439
6239	2.21739130434783	8	-0.222649162430439
6239	1.3448275862069	0	-0.222649162430439
6239	1.43478260869565	0	-0.222649162430439
6239	1.3448275862069	0	-0.222649162430439
6239	1.51724137931034	0	-0.222649162430439
6239	.	0	-0.222649162430439
6239	.	0	-0.222649162430439
6239	.	0	-0.222649162430439
6239	.	0	-0.222649162430439
6244	3.09756097560976	12.6666666666667	0.916013524496793
6244	2.57692307692308	4	0.916013524496793
6250	2.06060606060606	0	-0.542396089343124
6250	2.38235294117647	0	-0.542396089343124
6250	2.34375	0	-0.542396089343124
6250	2.3125	0	-0.542396089343124
6250	1.78260869565217	0	-0.542396089343124
6250	1.91428571428571	0	-0.542396089343124
6250	2.25714285714286	0	-0.542396089343124
6254	2.25	2	0.253945541604069
6254	2	12	0.253945541604069
6254	1.65853658536585	0	0.253945541604069
6254	1.73076923076923	0	0.253945541604069
6254	1.34615384615385	0	0.253945541604069
6254	2.31034482758621	0	0.253945541604069
6254	1.51851851851852	2	0.253945541604069
6254	2.28571428571429	1	0.253945541604069
6254	2	0	0.253945541604069
6254	1.73170731707317	1	0.253945541604069
6254	1.45714285714286	0	0.253945541604069
6254	1.65714285714286	0	0.253945541604069
6254	1.62857142857143	0	0.253945541604069
6254	1.64102564102564	0	0.253945541604069
6254	.	0	0.253945541604069
6254	.	0	0.253945541604069
6254	.	0	0.253945541604069
6267	2.4468085106383	9.5	-0.422965668363485
6267	2.15625	0	-0.422965668363485
6267	2.20689655172414	0	-0.422965668363485
6267	2.54285714285714	0	-0.422965668363485
6267	2.78125	0	-0.422965668363485
6267	2.8	1	-0.422965668363485
6267	2.1219512195122	1	-0.422965668363485
6267	1.73333333333333	1	-0.422965668363485
6267	2.02222222222222	1	-0.422965668363485
6267	2.25	1	-0.422965668363485
6267	1.93333333333333	0	-0.422965668363485
6281	3.5	6	0.870314724155492
6281	2.33333333333333	0	0.870314724155492
6281	2.54545454545455	0	0.870314724155492
6281	3.29166666666667	1	0.870314724155492
6281	3.25	0	0.870314724155492
6281	3.55555555555556	1	0.870314724155492
6281	3.62962962962963	0	0.870314724155492
6281	3.33333333333333	0	0.870314724155492
6281	3.21739130434783	1	0.870314724155492
6281	3.4	2	0.870314724155492
6281	2.11764705882353	0	0.870314724155492
6281	3.04347826086957	0	0.870314724155492
6281	3.21739130434783	0	0.870314724155492
6281	.	0	0.870314724155492
6281	.	6.33333333333333	0.870314724155492
6281	.	0	0.870314724155492
6295	2.46666666666667	5	0.525485973433689
6295	3.11428571428571	1	0.525485973433689
6295	2.46153846153846	0	0.525485973433689
6295	3.24137931034483	0	0.525485973433689
6298	2.21739130434783	4	-0.297884061863818
6298	2.10344827586207	0	-0.297884061863818
6298	2.47826086956522	16	-0.297884061863818
6298	2.21739130434783	.	-0.297884061863818
6298	2.53333333333333	1	-0.297884061863818
6298	2.41379310344828	1	-0.297884061863818
6298	1.70588235294118	0	-0.297884061863818
6298	2.4	12	-0.297884061863818
6298	1.71428571428571	0	-0.297884061863818
6298	2.05714285714286	0	-0.297884061863818
6298	2.34375	0	-0.297884061863818
6298	2.42857142857143	0	-0.297884061863818
6298	2.19230769230769	3	-0.297884061863818
6298	.	8	-0.297884061863818
6298	.	6	-0.297884061863818
6298	.	0	-0.297884061863818
6299	2.91304347826087	10	0.619728273332442
6299	2.94117647058824	3	0.619728273332442
6307	2.30434782608696	5	-0.0194716700584535
6307	2.30434782608696	0	-0.0194716700584535
6307	2.31428571428571	0	-0.0194716700584535
6307	2.65853658536585	0	-0.0194716700584535
6307	2.375	1	-0.0194716700584535
6307	2.375	2	-0.0194716700584535
6307	2.51282051282051	0	-0.0194716700584535
6307	2.33333333333333	11	-0.0194716700584535
6307	.	13	-0.0194716700584535
6307	.	11	-0.0194716700584535
6307	.	0	-0.0194716700584535
6313	2.71428571428571	22	0.637795874521563
6313	3.47222222222222	23	0.637795874521563
6313	1.73809523809524	0	0.637795874521563
6313	2.58974358974359	.	0.637795874521563
6313	3.36363636363636	5	0.637795874521563
6313	3.30555555555556	0	0.637795874521563
6313	.	0	0.637795874521563
6325	1.42307692307692	0	-1.03488183011833
6325	1.88461538461538	1	-1.03488183011833
6325	1.34615384615385	0	-1.03488183011833
6325	1.76923076923077	2	-1.03488183011833
6325	1.53125	1	-1.03488183011833
6325	1.92307692307692	0	-1.03488183011833
6325	1.70588235294118	0	-1.03488183011833
6325	2.07692307692308	0	-1.03488183011833
6325	1.85106382978723	0	-1.03488183011833
6325	1.86486486486486	0	-1.03488183011833
6325	1.83720930232558	0	-1.03488183011833
6325	1.64864864864865	0	-1.03488183011833
6325	.	0	-1.03488183011833
6325	.	0	-1.03488183011833
6325	.	0	-1.03488183011833
6340	2.48888888888889	.	-0.215398701298449
6340	2.29411764705882	0	-0.215398701298449
6340	2.4	0	-0.215398701298449
6340	1.88888888888889	0	-0.215398701298449
6340	2.1	0	-0.215398701298449
6340	2.02857142857143	0	-0.215398701298449
6340	2.16666666666667	0	-0.215398701298449
6340	1.86666666666667	1	-0.215398701298449
6340	1.5	0	-0.215398701298449
6340	1.73333333333333	0	-0.215398701298449
6340	.	0	-0.215398701298449
6340	.	0	-0.215398701298449
6345	2.53846153846154	8	0.268357745697089
6353	4.47826086956522	18	1.06202786879152
6353	3.775	14	1.06202786879152
6353	3.40625	9	1.06202786879152
6353	3.36363636363636	1	1.06202786879152
6353	3.23809523809524	0	1.06202786879152
6353	3.68965517241379	7	1.06202786879152
6353	3.47826086956522	1	1.06202786879152
6353	3.69565217391304	6	1.06202786879152
6353	2.5	0	1.06202786879152
6353	3.63157894736842	9	1.06202786879152
6353	2.85714285714286	4	1.06202786879152
6353	.	0	1.06202786879152
6353	.	2	1.06202786879152
6353	.	1	1.06202786879152
6359	2.83333333333333	1	-0.965293549356922
6367	2.42307692307692	9	-0.215492116136996
6383	3.3030303030303	14	0.954263310318533
6383	2.83870967741935	0	0.954263310318533
6383	3.12	4	0.954263310318533
6383	3.5	10	0.954263310318533
6383	2.9	8	0.954263310318533
6383	2.69230769230769	2	0.954263310318533
6383	3.22222222222222	15	0.954263310318533
6383	2.75	2	0.954263310318533
6383	3.61904761904762	22	0.954263310318533
6383	.	14	0.954263310318533
6383	.	13	0.954263310318533
6391	3.22857142857143	16	0.428463030661624
6391	2.85294117647059	0	0.428463030661624
6391	2.65714285714286	0	0.428463030661624
6391	2.74193548387097	0	0.428463030661624
6391	3.21212121212121	0	0.428463030661624
6391	2.81818181818182	9	0.428463030661624
6391	3.12121212121212	8	0.428463030661624
6391	2.48484848484848	0	0.428463030661624
6391	3	22	0.428463030661624
6391	.	15	0.428463030661624
6391	2.92	0	0.428463030661624
6391	2.56	10	0.428463030661624
6391	.	12	0.428463030661624
6391	.	8	0.428463030661624
6391	.	16	0.428463030661624
6398	2.06896551724138	0	-1.30711626154246
6398	.	0	-1.30711626154246
6398	.	0	-1.30711626154246
6404	2.24137931034483	7	-0.0292964632527405
6404	2.73913043478261	1	-0.0292964632527405
6404	2.125	0	-0.0292964632527405
6404	3.04347826086957	16	-0.0292964632527405
6404	3.11428571428571	0	-0.0292964632527405
6404	2.76923076923077	3	-0.0292964632527405
6404	2.38461538461538	6	-0.0292964632527405
6404	2.81818181818182	0	-0.0292964632527405
6404	2.39393939393939	0	-0.0292964632527405
6404	2.51515151515152	0	-0.0292964632527405
6404	2.51515151515152	0	-0.0292964632527405
6404	2.6	0	-0.0292964632527405
6404	.	0	-0.0292964632527405
6404	.	0	-0.0292964632527405
6404	.	14	-0.0292964632527405
6405	2	6	0.250258549031455
6405	1.93333333333333	0	0.250258549031455
6405	2.58823529411765	0	0.250258549031455
6405	2.46666666666667	0	0.250258549031455
6413	2.39130434782609	8	-0.221970311022791
6413	.	0	-0.221970311022791
6413	1.875	0	-0.221970311022791
6413	2.22222222222222	0	-0.221970311022791
6413	2.5	4	-0.221970311022791
6413	2.27272727272727	0	-0.221970311022791
6413	2.63636363636364	0	-0.221970311022791
6413	2.65217391304348	2	-0.221970311022791
6413	2.43478260869565	15.8333333333333	-0.221970311022791
6413	2.21739130434783	1	-0.221970311022791
6413	2.17391304347826	0	-0.221970311022791
6413	2.08695652173913	1	-0.221970311022791
6413	2.4	1	-0.221970311022791
6413	2.60869565217391	1	-0.221970311022791
6413	.	14	-0.221970311022791
6413	.	7	-0.221970311022791
6413	.	0	-0.221970311022791
6415	.	0	-0.0629525409561359
6424	3.04347826086957	4	0.387582719433084
6424	2.95652173913043	8	0.387582719433084
6424	.	8	0.387582719433084
6424	4.68421052631579	29	0.387582719433084
6424	2.43478260869565	0	0.387582719433084
6424	3.56521739130435	21	0.387582719433084
6424	3.73913043478261	0	0.387582719433084
6424	3.47619047619048	1	0.387582719433084
6424	3.47619047619048	17	0.387582719433084
6424	1.64705882352941	0	0.387582719433084
6424	2.73913043478261	0	0.387582719433084
6424	.	7	0.387582719433084
6424	.	11	0.387582719433084
6424	.	0	0.387582719433084
6429	2.73529411764706	7	-0.468511057096778
6436	3.02127659574468	19	0.617787287291628
6436	2.80487804878049	5	0.617787287291628
6436	1.7	0	0.617787287291628
6441	1.91304347826087	7	-0.576291748122353
6441	1.6551724137931	0	-0.576291748122353
6441	2	0	-0.576291748122353
6441	2.09375	0	-0.576291748122353
6441	2.27586206896552	0	-0.576291748122353
6441	1.79310344827586	1	-0.576291748122353
6441	1.11764705882353	0	-0.576291748122353
6441	1.47826086956522	0	-0.576291748122353
6441	1.86206896551724	0	-0.576291748122353
6441	1.34782608695652	0	-0.576291748122353
6441	1.26086956521739	0	-0.576291748122353
6441	1.85714285714286	0	-0.576291748122353
6441	.	0	-0.576291748122353
6441	.	0	-0.576291748122353
6441	.	0	-0.576291748122353
6451	3.15789473684211	27	1.08249336262039
6451	2.55172413793103	24	1.08249336262039
6451	2.20689655172414	0	1.08249336262039
6451	2.62222222222222	0	1.08249336262039
6451	2.57777777777778	0	1.08249336262039
6451	.	0	1.08249336262039
6466	2.66666666666667	19	0.504710770380426
6466	2.43478260869565	1	0.504710770380426
6466	2.04347826086957	0	0.504710770380426
6475	2.06896551724138	0	0.0193132500330427
6475	1.88461538461538	0	0.0193132500330427
6475	1.60526315789474	0	0.0193132500330427
6475	1.97872340425532	0	0.0193132500330427
6475	1.70212765957447	1	0.0193132500330427
6475	1.78048780487805	1	0.0193132500330427
6475	1.88888888888889	1	0.0193132500330427
6475	1.75862068965517	0	0.0193132500330427
6475	1.48275862068966	0	0.0193132500330427
6475	1.6	0	0.0193132500330427
6475	1.63636363636364	0	0.0193132500330427
6475	1.4375	1	0.0193132500330427
6475	1.59375	7	0.0193132500330427
6475	.	8	0.0193132500330427
6475	.	9	0.0193132500330427
6475	.	11	0.0193132500330427
6476	3.13157894736842	3	-1.03303137266049
6476	.	2	-1.03303137266049
6486	2.91304347826087	16	1.09295651081408
6486	3.47058823529412	19	1.09295651081408
6486	4	16	1.09295651081408
6486	2.73913043478261	17	1.09295651081408
6486	3.26086956521739	0	1.09295651081408
6486	1.91428571428571	21	1.09295651081408
6486	2.53846153846154	0	1.09295651081408
6486	2.38235294117647	1	1.09295651081408
6486	2.15151515151515	1	1.09295651081408
6486	2.33333333333333	0	1.09295651081408
6486	1.96969696969697	3	1.09295651081408
6486	2.44	1.72727272727273	1.09295651081408
6486	1.6969696969697	0	1.09295651081408
6486	.	0	1.09295651081408
6486	.	12	1.09295651081408
6489	3.30434782608696	0	0.872798670037532
6489	2.56521739130435	0	0.872798670037532
6489	3.04347826086957	16	0.872798670037532
6489	2.78260869565217	0	0.872798670037532
6489	2.56521739130435	1	0.872798670037532
6489	2.52173913043478	0	0.872798670037532
6489	2.82608695652174	23	0.872798670037532
6489	3.43478260869565	10	0.872798670037532
6489	2.39130434782609	0	0.872798670037532
6489	2.47058823529412	0	0.872798670037532
6489	2	0	0.872798670037532
6489	2.07317073170732	0	0.872798670037532
6489	1.72972972972973	0	0.872798670037532
6489	.	0	0.872798670037532
6489	.	0	0.872798670037532
6489	.	0	0.872798670037532
6497	2.225	0	-0.36321937777945
6497	2.48484848484848	0	-0.36321937777945
6497	.	0	-0.36321937777945
6500	3.07692307692308	0	-0.972938738059398
6505	1.69230769230769	0	-1.66661183972375
6505	1.94871794871795	0	-1.66661183972375
6505	2	0	-1.66661183972375
6505	1.69230769230769	0	-1.66661183972375
6505	1.84615384615385	0	-1.66661183972375
6505	1.66666666666667	0	-1.66661183972375
6505	1.82051282051282	0	-1.66661183972375
6505	1.53846153846154	0	-1.66661183972375
6505	1.38461538461538	0	-1.66661183972375
6505	1.42222222222222	0	-1.66661183972375
6508	2.26086956521739	0	0.0959776161799823
6508	2.34782608695652	0	0.0959776161799823
6508	2.62857142857143	0	0.0959776161799823
6508	1.6551724137931	0	0.0959776161799823
6508	2.37931034482759	0	0.0959776161799823
6508	2.79310344827586	0	0.0959776161799823
6508	2.04347826086957	0	0.0959776161799823
6508	2.31034482758621	0	0.0959776161799823
6508	2	0	0.0959776161799823
6508	2.1304347826087	0	0.0959776161799823
6508	2	0	0.0959776161799823
6508	2.17391304347826	0	0.0959776161799823
6508	1.82608695652174	0	0.0959776161799823
6508	.	0	0.0959776161799823
6508	.	0	0.0959776161799823
6508	.	0	0.0959776161799823
6510	3	16	0.883326752750788
6510	2.95238095238095	0	0.883326752750788
6510	2.7	0	0.883326752750788
6510	1.80769230769231	0	0.883326752750788
6510	1.65217391304348	0	0.883326752750788
6510	2.21875	0	0.883326752750788
6510	2.59375	4	0.883326752750788
6510	1.48387096774194	0	0.883326752750788
6510	1.36585365853659	0	0.883326752750788
6510	1.85185185185185	0	0.883326752750788
6510	1.92307692307692	10	0.883326752750788
6510	1.73076923076923	0	0.883326752750788
6510	1.91304347826087	1	0.883326752750788
6510	.	0	0.883326752750788
6510	.	0	0.883326752750788
6510	.	7	0.883326752750788
6514	2.85714285714286	1	1.02932471361163
6514	2.14705882352941	0	1.02932471361163
6514	2.52173913043478	0	1.02932471361163
6514	.	0	1.02932471361163
6515	3.6551724137931	10	1.74846587952142
6515	2.8695652173913	16	1.74846587952142
6515	2.1304347826087	2	1.74846587952142
6515	2.26086956521739	0	1.74846587952142
6515	2.33333333333333	2	1.74846587952142
6515	3.33333333333333	28	1.74846587952142
6515	3.7	24	1.74846587952142
6515	2.63333333333333	14	1.74846587952142
6515	.	0	1.74846587952142
6515	.	7	1.74846587952142
6521	3.1304347826087	2	0.349968596185298
6521	2.79310344827586	0	0.349968596185298
6521	2.10344827586207	0	0.349968596185298
6521	2.26666666666667	0	0.349968596185298
6521	2.60869565217391	0	0.349968596185298
6521	2.82608695652174	0	0.349968596185298
6521	2.38461538461538	0	0.349968596185298
6521	2.03125	0	0.349968596185298
6521	2.5	0	0.349968596185298
6521	.	4	0.349968596185298
6521	.	0	0.349968596185298
6523	2.75862068965517	4	0.6919359776225
6523	2	0	0.6919359776225
6523	2	0	0.6919359776225
6523	2.11428571428571	1	0.6919359776225
6523	1.71428571428571	0	0.6919359776225
6523	1.60606060606061	0	0.6919359776225
6523	1.62162162162162	0	0.6919359776225
6523	1.58974358974359	0	0.6919359776225
6523	1.48648648648649	0	0.6919359776225
6523	1.71794871794872	0	0.6919359776225
6523	1.51351351351351	0	0.6919359776225
6523	1.64864864864865	.	0.6919359776225
6523	.	0	0.6919359776225
6523	.	0	0.6919359776225
6535	2.58620689655172	2	1.55483168811679
6535	2.27586206896552	0	1.55483168811679
6535	2.8	0	1.55483168811679
6535	2.66666666666667	0	1.55483168811679
6535	2.63333333333333	0	1.55483168811679
6535	.	0	1.55483168811679
6535	3.26086956521739	0	1.55483168811679
6535	.	0	1.55483168811679
6535	.	0	1.55483168811679
6538	2.5	17	0.127264725947507
6538	1.0625	0	0.127264725947507
6538	1.25714285714286	0	0.127264725947507
6538	1.60975609756098	0	0.127264725947507
6538	1.39024390243902	19	0.127264725947507
6538	1.3125	0	0.127264725947507
6538	1.17142857142857	0	0.127264725947507
6538	1.28571428571429	0	0.127264725947507
6538	1.31428571428571	0	0.127264725947507
6538	1.25714285714286	0	0.127264725947507
6538	1.14285714285714	0	0.127264725947507
6538	1.14285714285714	0	0.127264725947507
6538	1.31428571428571	6	0.127264725947507
6538	.	0	0.127264725947507
6538	.	0	0.127264725947507
6538	.	0	0.127264725947507
6540	3.03846153846154	1	-0.857193516020025
6540	2.80769230769231	0	-0.857193516020025
6540	2.89655172413793	7	-0.857193516020025
6541	3	0	0.538891689124668
6541	1.95652173913043	0	0.538891689124668
6541	.	1	0.538891689124668
6541	.	0	0.538891689124668
6541	.	9	0.538891689124668
6541	2.34782608695652	0	0.538891689124668
6543	2.65217391304348	0	0.351031549469295
6543	2.43478260869565	0	0.351031549469295
6543	2.41379310344828	0	0.351031549469295
6543	2.28125	0	0.351031549469295
6543	.	0	0.351031549469295
6543	.	0	0.351031549469295
6543	.	0	0.351031549469295
6544	3.03703703703704	9	2.62505464808108
6544	2.6875	0	2.62505464808108
6544	3.11538461538462	0	2.62505464808108
6544	2.30769230769231	0	2.62505464808108
6544	3.12121212121212	0	2.62505464808108
6544	2.21212121212121	0	2.62505464808108
6544	2.48571428571429	4	2.62505464808108
6544	2.60869565217391	0	2.62505464808108
6544	.	2	2.62505464808108
6544	.	0	2.62505464808108
6544	.	8	2.62505464808108
6551	2.7	0	1.91537369252972
6551	2.73333333333333	0	1.91537369252972
6551	.	0	1.91537369252972
6552	3.39130434782609	16	0.544522328302046
6552	3.17647058823529	11.6111111111111	0.544522328302046
6552	3.23076923076923	2	0.544522328302046
6552	3.06666666666667	1	0.544522328302046
6552	3.04545454545455	2	0.544522328302046
6552	3.13636363636364	10	0.544522328302046
6552	.	8	0.544522328302046
6553	2	0	-0.451708467812775
6553	1.84	0	-0.451708467812775
6553	1.65217391304348	0	-0.451708467812775
6553	1.52173913043478	0	-0.451708467812775
6553	1.73076923076923	0	-0.451708467812775
6577	2.24	0	-0.0625174542988248
6582	1.88235294117647	0	-0.438618213433822
6582	1.8125	0	-0.438618213433822
6582	2.17142857142857	0	-0.438618213433822
6582	1.97368421052632	2	-0.438618213433822
6582	2.09756097560976	1	-0.438618213433822
6582	2.34615384615385	0	-0.438618213433822
6582	2.25714285714286	1	-0.438618213433822
6582	2.80487804878049	13	-0.438618213433822
6582	.	14	-0.438618213433822
6582	.	0	-0.438618213433822
6582	.	11	-0.438618213433822
6583	2.10344827586207	.	-0.411136825878544
6583	2.18518518518519	0	-0.411136825878544
6583	2.17142857142857	0	-0.411136825878544
6583	1.8695652173913	0	-0.411136825878544
6583	1.92105263157895	0	-0.411136825878544
6590	2.26086956521739	9	-0.266353093269317
6590	2.37931034482759	0	-0.266353093269317
6590	2.20689655172414	17.8823529411765	-0.266353093269317
6590	2.24137931034483	1	-0.266353093269317
6590	1.82758620689655	0	-0.266353093269317
6590	1.82758620689655	0	-0.266353093269317
6590	1.89655172413793	4	-0.266353093269317
6590	1.96551724137931	1	-0.266353093269317
6590	1.93103448275862	0	-0.266353093269317
6590	1.82608695652174	1	-0.266353093269317
6590	2.17391304347826	6	-0.266353093269317
6590	.	10	-0.266353093269317
6590	.	1	-0.266353093269317
6590	.	0	-0.266353093269317
6591	2.60975609756098	8	1.27809380466728
6593	1.97619047619048	0	-2.58092684480419
6593	1.90243902439024	0	-2.58092684480419
6593	2.17142857142857	0	-2.58092684480419
6593	1.97560975609756	0	-2.58092684480419
6593	1.34146341463415	0	-2.58092684480419
6593	1.58536585365854	0	-2.58092684480419
6593	2.63157894736842	0	-2.58092684480419
6593	2.15789473684211	0	-2.58092684480419
6593	1.63636363636364	0	-2.58092684480419
6593	2.22727272727273	0	-2.58092684480419
6593	2.33333333333333	0	-2.58092684480419
6593	.	0	-2.58092684480419
6593	.	0	-2.58092684480419
6593	.	0	-2.58092684480419
6600	2.3125	0	0.741101397232259
6600	2.6	1	0.741101397232259
6600	.	0	0.741101397232259
6605	1.91304347826087	0	-1.79367024526196
6605	2	0	-1.79367024526196
6605	2.39130434782609	0	-1.79367024526196
6605	2.31034482758621	0	-1.79367024526196
6605	2.1304347826087	0	-1.79367024526196
6605	1.96551724137931	0	-1.79367024526196
6605	1.78260869565217	0	-1.79367024526196
6608	2.30769230769231	0	-0.296464193045307
6608	2.4	0	-0.296464193045307
6608	1.8125	0	-0.296464193045307
6608	2.19230769230769	0	-0.296464193045307
6608	.	0	-0.296464193045307
6610	2.42857142857143	1	-0.980022475375612
6610	.	0	-0.980022475375612
6611	2.37931034482759	0	1.00163872124359
6611	2.10344827586207	0	1.00163872124359
6611	3.07317073170732	0	1.00163872124359
6611	1.97142857142857	0	1.00163872124359
6611	1.8	0	1.00163872124359
6611	1.51428571428571	0	1.00163872124359
6611	1.85714285714286	0	1.00163872124359
6611	2.3030303030303	0	1.00163872124359
6611	1.84210526315789	0	1.00163872124359
6611	1.89473684210526	0	1.00163872124359
6611	2.15789473684211	0	1.00163872124359
6611	.	0	1.00163872124359
6611	.	0	1.00163872124359
6611	.	0	1.00163872124359
6611	.	0	1.00163872124359
6616	2.78260869565217	12	1.6746765391177
6616	2.8695652173913	0	1.6746765391177
6616	2.91176470588235	2	1.6746765391177
6616	2.65217391304348	0	1.6746765391177
6617	2.91428571428571	0	2.1127751868979
6617	2.76190476190476	0	2.1127751868979
6617	1.8	0	2.1127751868979
6617	2.2	0	2.1127751868979
6617	2.51282051282051	7	2.1127751868979
6617	.	11	2.1127751868979
6617	.	3	2.1127751868979
6617	.	0	2.1127751868979
6619	3.13793103448276	3	3.07503458309014
6619	3.11428571428571	7	3.07503458309014
6619	3.34615384615385	6	3.07503458309014
6619	2.34782608695652	0	3.07503458309014
6619	2.55172413793103	0	3.07503458309014
6619	2.47826086956522	0	3.07503458309014
6619	2.20689655172414	2	3.07503458309014
6619	1.51724137931034	0	3.07503458309014
6619	2.91666666666667	0	3.07503458309014
6619	2.93103448275862	.	3.07503458309014
6619	3.60869565217391	6.33333333333333	3.07503458309014
6619	3	8	3.07503458309014
6619	.	22.1666666666667	3.07503458309014
6620	2.02857142857143	0	-1.90971121106728
6620	1.9	0	-1.90971121106728
6620	2.31428571428571	0	-1.90971121106728
6620	2.02439024390244	0	-1.90971121106728
6620	1.73684210526316	0	-1.90971121106728
6620	2.74468085106383	8	-1.90971121106728
6620	2.35483870967742	0	-1.90971121106728
6620	2.45714285714286	0	-1.90971121106728
6620	.	0	-1.90971121106728
6620	2.41176470588235	0	-1.90971121106728
6620	2.63636363636364	2	-1.90971121106728
6620	2.21875	4	-1.90971121106728
6620	.	0	-1.90971121106728
6620	.	9.5	-1.90971121106728
6620	.	1	-1.90971121106728
6622	2.4	.	1.5011945322988
6622	2.54285714285714	0	1.5011945322988
6622	3.45454545454545	9	1.5011945322988
6622	2.80769230769231	8	1.5011945322988
6622	3.05882352941176	0	1.5011945322988
6622	3.17142857142857	0	1.5011945322988
6622	2.61538461538462	0	1.5011945322988
6622	2.88461538461538	1	1.5011945322988
6623	2.34615384615385	7	0.155665003334969
6623	2.15384615384615	0	0.155665003334969
6623	2.63636363636364	0	0.155665003334969
6623	2.23333333333333	0	0.155665003334969
6623	2.37037037037037	0	0.155665003334969
6623	2.5	0	0.155665003334969
6623	2	0	0.155665003334969
6623	2.42307692307692	0	0.155665003334969
6623	2.2	5	0.155665003334969
6623	.	7	0.155665003334969
6623	.	8	0.155665003334969
6623	.	8	0.155665003334969
6624	2.225	0	0.358866328998346
6624	2.07407407407407	0	0.358866328998346
6624	1.88888888888889	0	0.358866328998346
6624	1.81818181818182	0	0.358866328998346
6624	1.94444444444444	0	0.358866328998346
6625	2.17391304347826	0	-0.481637254332257
6628	2.6875	11	0.818080927150077
6628	2.39473684210526	10	0.818080927150077
6628	3.41025641025641	17	0.818080927150077
6628	2.51428571428571	14	0.818080927150077
6628	.	8	0.818080927150077
6628	.	0	0.818080927150077
6628	.	0	0.818080927150077
6635	1.39473684210526	15	1.35954062125182
6640	2.81818181818182	5.7	0.627209180475279
6640	2.4	1	0.627209180475279
6640	2.38461538461538	0	0.627209180475279
6640	2.625	0	0.627209180475279
6640	2.1	1	0.627209180475279
6640	.	5.9375	0.627209180475279
6640	.	0	0.627209180475279
6640	.	8	0.627209180475279
6641	2.42424242424242	16	-0.495252405929774
6641	1.55555555555556	0	-0.495252405929774
6642	2.51282051282051	1	0.120323681203164
6642	2.03333333333333	0	0.120323681203164
6644	2.20689655172414	0	-1.53518759088224
6644	2.03448275862069	0	-1.53518759088224
6645	1.95	0	-1.84790660056511
6645	2.41025641025641	0	-1.84790660056511
6650	2.8695652173913	0	2.08973039861378
6650	2.31428571428571	1	2.08973039861378
6650	2.08571428571429	0	2.08973039861378
6650	2.48484848484848	0	2.08973039861378
6650	3.04347826086957	5	2.08973039861378
6650	1.73076923076923	1	2.08973039861378
6650	.	1	2.08973039861378
6650	2.57692307692308	1	2.08973039861378
6650	1.65	1	2.08973039861378
6650	2.73076923076923	7	2.08973039861378
6650	.	7	2.08973039861378
6650	.	6	2.08973039861378
6650	.	1	2.08973039861378
6654	2.8	17	1.53307124483668
6654	2.73913043478261	29	1.53307124483668
6654	2	2	1.53307124483668
6654	2.26086956521739	0	1.53307124483668
6654	1.68292682926829	7	1.53307124483668
6654	.	0	1.53307124483668
6654	.	9	1.53307124483668
6655	2.31034482758621	14	-0.540586814661227
6655	2.30769230769231	13.9333333333333	-0.540586814661227
6655	2.5	9	-0.540586814661227
6655	2.125	0	-0.540586814661227
6655	2.625	10	-0.540586814661227
6655	2.58620689655172	11	-0.540586814661227
6655	2.17391304347826	0	-0.540586814661227
6657	1.94285714285714	5	-0.100005939123157
6657	1.62857142857143	0	-0.100005939123157
6657	2.34042553191489	0	-0.100005939123157
6657	1.54285714285714	0	-0.100005939123157
6657	1.61538461538462	0	-0.100005939123157
6657	.	0	-0.100005939123157
6657	1.71875	0	-0.100005939123157
6657	1.42307692307692	0	-0.100005939123157
6657	.	0	-0.100005939123157
6657	.	0	-0.100005939123157
6657	.	0	-0.100005939123157
6659	2.46341463414634	0	-1.07422796495377
6659	2.59375	0	-1.07422796495377
6659	2.34042553191489	0	-1.07422796495377
6659	2.31428571428571	0	-1.07422796495377
6659	2.42857142857143	0	-1.07422796495377
6659	2.62857142857143	0	-1.07422796495377
6659	3.17142857142857	0	-1.07422796495377
6659	.	0	-1.07422796495377
6659	2.91428571428571	0	-1.07422796495377
6659	.	0	-1.07422796495377
6660	2.62068965517241	13	0.0916990474505468
6662	3.45454545454545	0	1.31477066333678
6662	2.10810810810811	0	1.31477066333678
6662	2.91304347826087	1	1.31477066333678
6662	2.43478260869565	0	1.31477066333678
6662	1.875	0	1.31477066333678
6662	1.78260869565217	0	1.31477066333678
6662	2.2	1	1.31477066333678
6662	2.42857142857143	0	1.31477066333678
6662	2.03448275862069	0	1.31477066333678
6662	2.26315789473684	0	1.31477066333678
6662	.	0	1.31477066333678
6662	.	0	1.31477066333678
6662	.	0	1.31477066333678
6662	.	0	1.31477066333678
6667	2.82758620689655	0	0.997130910273127
6667	2.16666666666667	0	0.997130910273127
6667	1.62857142857143	0	0.997130910273127
6667	1.64102564102564	0	0.997130910273127
6668	2.39024390243902	0	-1.31682003774379
6668	2.97368421052632	9	-1.31682003774379
6668	2.93333333333333	9.5	-1.31682003774379
6668	3.41666666666667	8	-1.31682003774379
6668	2.9	7	-1.31682003774379
6668	2.7	0	-1.31682003774379
6668	.	0	-1.31682003774379
6668	.	0	-1.31682003774379
6668	.	6	-1.31682003774379
6672	2.23809523809524	0	0.182891438598899
6672	1.61702127659574	0	0.182891438598899
6672	1.66666666666667	0	0.182891438598899
6672	1.15384615384615	0	0.182891438598899
6672	1.64102564102564	0	0.182891438598899
6672	1.83333333333333	0	0.182891438598899
6672	1.84444444444444	0	0.182891438598899
6672	2.35897435897436	0	0.182891438598899
6672	.	0	0.182891438598899
6672	.	0	0.182891438598899
6672	1.27777777777778	0	0.182891438598899
6672	.	0	0.182891438598899
6672	.	0	0.182891438598899
6672	.	0	0.182891438598899
6676	2.28571428571429	0	-2.43799231134684
6676	1.52631578947368	0	-2.43799231134684
6676	1.72727272727273	0	-2.43799231134684
6676	2.45714285714286	0	-2.43799231134684
6676	1.8	0	-2.43799231134684
6676	.	2	-2.43799231134684
6676	1.65714285714286	0	-2.43799231134684
6676	2.17241379310345	0	-2.43799231134684
6679	1.91428571428571	15	-0.419497567699181
6679	2.33333333333333	20	-0.419497567699181
6679	2.2	9.5	-0.419497567699181
6679	2.34375	1	-0.419497567699181
6679	2.12121212121212	3	-0.419497567699181
6679	1.92682926829268	1	-0.419497567699181
6679	2.34285714285714	12	-0.419497567699181
6679	2.75757575757576	21	-0.419497567699181
6679	2.25	15.8333333333333	-0.419497567699181
6679	2.07692307692308	13	-0.419497567699181
6684	1.56521739130435	0	-3.18406501920945
6684	.	0	-3.18406501920945
6684	.	0	-3.18406501920945
6687	2.97222222222222	2	-0.662722962256725
6687	.	0	-0.662722962256725
6689	2.19444444444444	0	-0.940911318474425
6689	2.92592592592593	2	-0.940911318474425
6689	2.63333333333333	8	-0.940911318474425
6689	2.71428571428571	1	-0.940911318474425
6689	3.32142857142857	12	-0.940911318474425
6689	2.93617021276596	15	-0.940911318474425
6689	.	8	-0.940911318474425
6689	.	9	-0.940911318474425
6689	.	1	-0.940911318474425
6691	2.26666666666667	12	-0.835163239459161
6693	2.02702702702703	0	-2.13178519550986
6693	2.22857142857143	0	-2.13178519550986
6693	2.53846153846154	0	-2.13178519550986
6693	2.65	0	-2.13178519550986
6693	1.96153846153846	0	-2.13178519550986
6693	2.03125	0	-2.13178519550986
6693	1.7037037037037	0	-2.13178519550986
6693	2.15384615384615	0	-2.13178519550986
6693	1.88888888888889	0	-2.13178519550986
6693	1.425	0	-2.13178519550986
6693	1.8	0	-2.13178519550986
6693	.	0	-2.13178519550986
6693	.	0	-2.13178519550986
6693	.	0	-2.13178519550986
6694	2.91428571428571	0	-0.779599617736967
6694	2.7	0	-0.779599617736967
6694	3.17647058823529	6	-0.779599617736967
6694	3.20588235294118	10.5555555555556	-0.779599617736967
6694	2.21739130434783	0	-0.779599617736967
6694	2.17647058823529	0	-0.779599617736967
6694	2.3125	0	-0.779599617736967
6694	.	0	-0.779599617736967
6694	.	0	-0.779599617736967
6695	2.72413793103448	0	-0.581941989759127
6695	2.46153846153846	1	-0.581941989759127
6695	1.63636363636364	1	-0.581941989759127
6695	.	0	-0.581941989759127
6695	2.14705882352941	0	-0.581941989759127
6695	1.8	0	-0.581941989759127
6695	1.88571428571429	0	-0.581941989759127
6695	1.8	7	-0.581941989759127
6695	.	7	-0.581941989759127
6699	3.2	0	1.35965290588758
6699	.	0	1.35965290588758
6699	3	9	1.35965290588758
6699	3	18	1.35965290588758
6699	3.125	.	1.35965290588758
6699	3.23333333333333	16.0769230769231	1.35965290588758
6699	.	15	1.35965290588758
6699	.	15	1.35965290588758
6699	.	8	1.35965290588758
6699	.	10	1.35965290588758
6701	.	0	-0.162762929377576
6701	2.14705882352941	0	-0.162762929377576
6701	2.39393939393939	0	-0.162762929377576
6701	2.51428571428571	0	-0.162762929377576
6701	2.61764705882353	16	-0.162762929377576
6701	2.61538461538462	14	-0.162762929377576
6701	2.57692307692308	1	-0.162762929377576
6701	.	17	-0.162762929377576
6701	2.71428571428571	3	-0.162762929377576
6701	2.53846153846154	8	-0.162762929377576
6701	.	0	-0.162762929377576
6701	.	10	-0.162762929377576
6701	.	0	-0.162762929377576
6706	2.74074074074074	20	1.21697527699297
6706	2.15	1	1.21697527699297
6706	3.07692307692308	20	1.21697527699297
6706	1.88888888888889	22	1.21697527699297
6706	2.52380952380952	24	1.21697527699297
6706	2.75	11	1.21697527699297
6706	2.88	17	1.21697527699297
6706	.	18	1.21697527699297
6706	.	14	1.21697527699297
6706	.	11	1.21697527699297
6708	2.48275862068966	12	1.87695732545178
6708	1.48571428571429	0	1.87695732545178
6708	1.82857142857143	0	1.87695732545178
6708	1.91304347826087	0	1.87695732545178
6708	1.63829787234043	0	1.87695732545178
6708	1.43181818181818	0	1.87695732545178
6708	.	0	1.87695732545178
6714	2.6551724137931	14	0.23897785200785
6714	2.26086956521739	0	0.23897785200785
6714	2.41176470588235	13	0.23897785200785
6714	.	9	0.23897785200785
6714	.	21	0.23897785200785
6714	.	17	0.23897785200785
6721	3.75	0	1.87373415851274
6721	3.05555555555556	0	1.87373415851274
6721	3.81818181818182	2	1.87373415851274
6721	2.02777777777778	1	1.87373415851274
6721	3.20588235294118	12	1.87373415851274
6721	3.76190476190476	16	1.87373415851274
6724	2.40625	.	-0.587343074396337
6724	2.52173913043478	17	-0.587343074396337
6724	1.73076923076923	2	-0.587343074396337
6724	2.28125	1	-0.587343074396337
6724	.	19	-0.587343074396337
6724	.	12	-0.587343074396337
6725	2.57692307692308	18	0.775452391112192
6725	2.55555555555556	20.0555555555556	0.775452391112192
6725	3.03333333333333	1	0.775452391112192
6725	2.3	0	0.775452391112192
6725	3.16	1	0.775452391112192
6725	1.88571428571429	0	0.775452391112192
6727	2.68085106382979	8	-0.906047948199979
6727	2.79310344827586	1	-0.906047948199979
6727	2.52173913043478	1	-0.906047948199979
6727	2.65217391304348	6	-0.906047948199979
6727	2	0	-0.906047948199979
6727	1.73170731707317	0	-0.906047948199979
6727	1.95121951219512	0	-0.906047948199979
6727	2.16666666666667	0	-0.906047948199979
6727	.	0	-0.906047948199979
6727	.	0	-0.906047948199979
6728	2.90625	0	1.03129328927725
6732	2.26086956521739	1	-0.889877815628518
6732	2.08695652173913	1	-0.889877815628518
6732	2.95652173913043	15	-0.889877815628518
6732	2.34782608695652	0	-0.889877815628518
6732	2.6551724137931	0	-0.889877815628518
6732	2.43478260869565	0	-0.889877815628518
6732	2.17391304347826	0	-0.889877815628518
6732	2.04347826086957	0	-0.889877815628518
6732	2.04347826086957	0	-0.889877815628518
6732	.	0	-0.889877815628518
6732	.	0	-0.889877815628518
6732	.	0	-0.889877815628518
6733	3.51428571428571	8	1.64721329631841
6733	3.05555555555556	0	1.64721329631841
6733	3.58823529411765	0	1.64721329631841
6733	3.17948717948718	0	1.64721329631841
6733	3.07894736842105	5	1.64721329631841
6733	2.89189189189189	0	1.64721329631841
6733	3.37142857142857	0	1.64721329631841
6733	3.87096774193548	0	1.64721329631841
6733	3.5	8	1.64721329631841
6733	.	0	1.64721329631841
6733	.	13	1.64721329631841
6733	.	1	1.64721329631841
6733	.	1	1.64721329631841
6739	2.92105263157895	0	0.806923175742346
6739	3.6	1	0.806923175742346
6739	3.23333333333333	0	0.806923175742346
6739	2.83333333333333	0	0.806923175742346
6739	.	0	0.806923175742346
6739	1.92592592592593	0	0.806923175742346
6739	.	0	0.806923175742346
6739	.	0	0.806923175742346
6740	2.72222222222222	13	0.955742754300433
6740	2.47368421052632	15	0.955742754300433
6742	2.11538461538462	1	-1.52033338727827
6742	2.5	0	-1.52033338727827
6742	1.91304347826087	0	-1.52033338727827
6742	1.95652173913043	0	-1.52033338727827
6742	1.75	0	-1.52033338727827
6742	1.82857142857143	0	-1.52033338727827
6742	.	0	-1.52033338727827
6742	.	0	-1.52033338727827
6745	4.05	14	2.13180261731674
6745	.	2	2.13180261731674
6745	.	12	2.13180261731674
6745	4.64285714285714	13	2.13180261731674
6745	.	1	2.13180261731674
6745	.	0	2.13180261731674
6745	.	0	2.13180261731674
6745	4.11111111111111	5	2.13180261731674
6745	.	16	2.13180261731674
6745	.	5	2.13180261731674
6746	4.35	19	1.65958141942929
6746	3.45	13	1.65958141942929
6746	2.72727272727273	8	1.65958141942929
6746	3.48	8	1.65958141942929
6746	2.5	4	1.65958141942929
6746	.	4	1.65958141942929
6747	2.55172413793103	15	1.13729282310717
6747	2.13333333333333	0	1.13729282310717
6747	2.03448275862069	0	1.13729282310717
6747	1.85365853658537	0	1.13729282310717
6747	.	0	1.13729282310717
6747	.	0	1.13729282310717
6747	.	0	1.13729282310717
6750	1.73913043478261	19	-1.33831728723619
6750	2.65217391304348	14	-1.33831728723619
6750	2.26086956521739	8	-1.33831728723619
6750	3	17	-1.33831728723619
6750	3.17241379310345	16	-1.33831728723619
6750	2.08695652173913	24	-1.33831728723619
6750	.	0	-1.33831728723619
6750	.	1	-1.33831728723619
6750	.	0	-1.33831728723619
6750	.	0	-1.33831728723619
6750	.	14	-1.33831728723619
6753	1.88571428571429	0	-2.08222653091854
6753	2.25	1	-2.08222653091854
6753	1.94285714285714	0	-2.08222653091854
6757	2.84615384615385	.	1.49403015157627
6757	2.17142857142857	2	1.49403015157627
6757	2.45714285714286	2	1.49403015157627
6757	2.04878048780488	0	1.49403015157627
6757	1.79487179487179	0	1.49403015157627
6757	1.925	0	1.49403015157627
6757	1.69230769230769	0	1.49403015157627
6757	1.85714285714286	0	1.49403015157627
6757	.	0	1.49403015157627
6757	.	10	1.49403015157627
6757	.	0	1.49403015157627
6759	3.07317073170732	1	0.110258864677026
6759	2.19230769230769	0	0.110258864677026
6759	2.46875	0	0.110258864677026
6759	2.65625	0	0.110258864677026
6759	2.09375	0	0.110258864677026
6759	2.04878048780488	0	0.110258864677026
6759	2.75	0	0.110258864677026
6759	.	0	0.110258864677026
6759	.	0	0.110258864677026
6759	.	0	0.110258864677026
6762	1.96875	0	-0.353045779303991
6762	1.65384615384615	0	-0.353045779303991
6762	1.80487804878049	1	-0.353045779303991
6762	1.85714285714286	2	-0.353045779303991
6762	2.44827586206897	0	-0.353045779303991
6762	2.23076923076923	0	-0.353045779303991
6762	2.34375	0	-0.353045779303991
6762	2.48387096774194	.	-0.353045779303991
6762	.	0	-0.353045779303991
6762	.	0	-0.353045779303991
6762	.	0	-0.353045779303991
6767	2.41176470588235	0	-1.53493610847658
6767	1.85714285714286	0	-1.53493610847658
6767	2.30555555555556	0	-1.53493610847658
6768	2.26923076923077	0	-1.15053129283679
6768	2.37931034482759	0	-1.15053129283679
6768	2.53125	0	-1.15053129283679
6780	2.95454545454545	15	-0.312812780217614
6780	3.39130434782609	16	-0.312812780217614
6780	3.17391304347826	18	-0.312812780217614
6780	3.39130434782609	14	-0.312812780217614
6780	3.1304347826087	16	-0.312812780217614
6780	3.30434782608696	12	-0.312812780217614
6780	3.43478260869565	10	-0.312812780217614
6780	3.21739130434783	10	-0.312812780217614
6780	3.65217391304348	16	-0.312812780217614
6780	.	16	-0.312812780217614
6780	.	15	-0.312812780217614
6780	.	13	-0.312812780217614
6783	2.6	13.7222222222222	-0.283779016453046
6783	3.03448275862069	11	-0.283779016453046
6783	2.06896551724138	1	-0.283779016453046
6783	1.44827586206897	1	-0.283779016453046
6783	.	0	-0.283779016453046
6783	.	0	-0.283779016453046
6783	.	0	-0.283779016453046
6787	1.88461538461538	2	-0.772366631252612
6787	2.39130434782609	0	-0.772366631252612
6791	2.03846153846154	9	0.0362842677409547
6791	2	2	0.0362842677409547
6791	2.43333333333333	1	0.0362842677409547
6791	1.80392156862745	0	0.0362842677409547
6791	2.18	0	0.0362842677409547
6791	2.47619047619048	0	0.0362842677409547
6791	1.39473684210526	0	0.0362842677409547
6791	1.74074074074074	1	0.0362842677409547
6791	2.36842105263158	7	0.0362842677409547
6791	.	7	0.0362842677409547
6791	.	8	0.0362842677409547
6793	2.07317073170732	17	-1.1897537387129
6793	1.96875	1	-1.1897537387129
6793	1.87234042553191	0	-1.1897537387129
6793	1.86666666666667	0	-1.1897537387129
6793	1.76086956521739	0	-1.1897537387129
6793	1.78787878787879	1	-1.1897537387129
6793	2.12820512820513	7	-1.1897537387129
6793	.	0	-1.1897537387129
6793	.	0	-1.1897537387129
6793	.	0	-1.1897537387129
6796	1.78048780487805	0	-2.13332072905196
6796	1.625	1	-2.13332072905196
6796	1.48275862068966	0	-2.13332072905196
6796	1.35	0	-2.13332072905196
6798	2.59375	14	1.19204358126266
6798	2.41463414634146	10	1.19204358126266
6800	1.83333333333333	0	-0.706492768904901
6800	1.73333333333333	0	-0.706492768904901
6800	1.51282051282051	2	-0.706492768904901
6800	1.79487179487179	7	-0.706492768904901
6800	1.44444444444444	0	-0.706492768904901
6800	.	0	-0.706492768904901
6800	.	9	-0.706492768904901
6800	.	0	-0.706492768904901
6803	1.53191489361702	0	-2.78921562905626
6803	1.22727272727273	0	-2.78921562905626
6803	1.64444444444444	0	-2.78921562905626
6803	.	0	-2.78921562905626
6803	.	0	-2.78921562905626
6803	.	0	-2.78921562905626
6803	.	0	-2.78921562905626
6806	1.77272727272727	0	-1.64054481460809
6806	1.875	1	-1.64054481460809
6806	2.21875	0	-1.64054481460809
6806	2.23076923076923	5	-1.64054481460809
6806	1.94871794871795	1	-1.64054481460809
6806	1.21052631578947	6	-1.64054481460809
6806	1.31111111111111	1	-1.64054481460809
6806	1.52941176470588	5	-1.64054481460809
6806	.	6	-1.64054481460809
6806	.	0	-1.64054481460809
6806	.	7	-1.64054481460809
6809	1.90243902439024	13	-1.01795172985083
6809	2.05714285714286	0	-1.01795172985083
6809	2.43333333333333	1	-1.01795172985083
6809	1.8	0	-1.01795172985083
6809	2.19354838709677	10	-1.01795172985083
6809	1.71875	0	-1.01795172985083
6809	.	0	-1.01795172985083
6809	1.83333333333333	1	-1.01795172985083
6809	.	12	-1.01795172985083
6809	.	8	-1.01795172985083
6809	.	0	-1.01795172985083
6810	2.33333333333333	0	-0.416229332908082
6810	2.43333333333333	0	-0.416229332908082
6810	2.12820512820513	9	-0.416229332908082
6810	2.16666666666667	0	-0.416229332908082
6810	2.43589743589744	13	-0.416229332908082
6810	.	1	-0.416229332908082
6810	.	23	-0.416229332908082
6810	.	0	-0.416229332908082
6810	.	0	-0.416229332908082
6815	2.71428571428571	15	-0.303395174370959
6815	2.44827586206897	0	-0.303395174370959
6815	3.3	1	-0.303395174370959
6815	2.73913043478261	1	-0.303395174370959
6815	3	0	-0.303395174370959
6815	2.625	0	-0.303395174370959
6815	2.70588235294118	5	-0.303395174370959
6815	.	8	-0.303395174370959
6815	.	21	-0.303395174370959
6819	2.33333333333333	0	0.0342115134752583
6819	2.0625	0	0.0342115134752583
6819	1.9375	0	0.0342115134752583
6819	2.68571428571429	0	0.0342115134752583
6819	2.5	0	0.0342115134752583
6819	2.66666666666667	0	0.0342115134752583
6819	2.58823529411765	0	0.0342115134752583
6819	.	0	0.0342115134752583
6819	.	0	0.0342115134752583
6819	.	0	0.0342115134752583
6820	3.36363636363636	0	0.455533907362932
6820	3	0	0.455533907362932
6820	3.54838709677419	10	0.455533907362932
6821	2.58974358974359	0	0.577043131390713
6821	2.48571428571429	0	0.577043131390713
6821	1.82857142857143	0	0.577043131390713
6821	.	0	0.577043131390713
6821	.	6	0.577043131390713
6821	.	0	0.577043131390713
6821	.	0	0.577043131390713
6826	2	0	-2.26978788322573
6831	2.91304347826087	0	0.42469569146176
6831	.	0	0.42469569146176
6840	2.55172413793103	0	-1.59857154363
6840	.	0	-1.59857154363
6841	.	0	0.0967440805181676
6842	2.15384615384615	0	0.155325750528329
6842	1.88461538461538	0	0.155325750528329
6842	2.11538461538462	0	0.155325750528329
6842	1.78260869565217	1	0.155325750528329
6842	1.73076923076923	0	0.155325750528329
6842	.	0	0.155325750528329
6842	.	0	0.155325750528329
6842	.	10	0.155325750528329
6845	2.33333333333333	1	-0.880498511911863
6845	1.71875	0	-0.880498511911863
6845	.	0	-0.880498511911863
6845	.	0	-0.880498511911863
6846	3.02439024390244	2	2.36604309105224
6847	.	9	1.04458945496842
6847	.	0	1.04458945496842
6847	.	0	1.04458945496842
6853	2.03846153846154	0	0.0409281210692396
6853	1.86363636363636	0	0.0409281210692396
6853	2.65384615384615	0	0.0409281210692396
6853	2.16666666666667	0	0.0409281210692396
6853	1.91304347826087	0	0.0409281210692396
6853	1.92857142857143	0	0.0409281210692396
6853	2	1	0.0409281210692396
6853	.	0	0.0409281210692396
6853	.	0	0.0409281210692396
6854	1.69230769230769	0	-0.797609409967171
6854	1.68292682926829	0	-0.797609409967171
6854	1.68571428571429	0	-0.797609409967171
6854	2.03030303030303	0	-0.797609409967171
6854	1.65714285714286	0	-0.797609409967171
6856	2.625	1	0.493860795587841
6856	1.3	0	0.493860795587841
6856	1.53658536585366	0	0.493860795587841
6856	.	9	0.493860795587841
6856	2.33333333333333	15	0.493860795587841
6856	2.35897435897436	0	0.493860795587841
6856	1.82051282051282	0	0.493860795587841
6856	1.71052631578947	5	0.493860795587841
6856	.	9	0.493860795587841
6857	2.31707317073171	0	0.812286279066403
6857	.	3	0.812286279066403
6858	2.93103448275862	10	0.910866535279577
6858	2.67857142857143	2	0.910866535279577
6858	2.42105263157895	1	0.910866535279577
6858	2.2258064516129	0	0.910866535279577
6858	2	0	0.910866535279577
6858	.	0	0.910866535279577
6858	1.25	0	0.910866535279577
6865	2.3448275862069	11	-0.40426336836984
6865	2.56521739130435	6	-0.40426336836984
6865	1.79310344827586	0	-0.40426336836984
6865	.	0	-0.40426336836984
6865	.	0	-0.40426336836984
6865	.	0	-0.40426336836984
6869	2.62068965517241	14	-0.32545571051097
6869	.	0	-0.32545571051097
6869	1.53125	0	-0.32545571051097
6869	1.86206896551724	0	-0.32545571051097
6869	1.6551724137931	0	-0.32545571051097
6869	1.8695652173913	0	-0.32545571051097
6869	.	0	-0.32545571051097
6869	.	0	-0.32545571051097
6869	.	7	-0.32545571051097
6871	3.34782608695652	12	-0.779000921514857
6871	2.75	0	-0.779000921514857
6871	.	12	-0.779000921514857
6871	.	5	-0.779000921514857
6872	2.92592592592593	1	0.793325417455143
6872	3.34615384615385	0	0.793325417455143
6872	3.4	0	0.793325417455143
6872	2.74074074074074	0	0.793325417455143
6872	3.10344827586207	0	0.793325417455143
6872	2.17857142857143	0	0.793325417455143
6872	.	0	0.793325417455143
6876	2.6875	0	0.270011546644248
6881	1.88571428571429	0	-2.33795948376334
6882	1.82758620689655	0	-1.66817481466935
6882	.	12	-1.66817481466935
6882	.	11.6111111111111	-1.66817481466935
6888	2.63414634146341	1	0.357426815796983
6888	3	8	0.357426815796983
6888	3.60714285714286	1	0.357426815796983
6888	3.48148148148148	16	0.357426815796983
6888	2.125	0	0.357426815796983
6888	2.4390243902439	2	0.357426815796983
6888	3.38461538461538	.	0.357426815796983
6888	.	24	0.357426815796983
6888	.	1	0.357426815796983
6888	.	13.7222222222222	0.357426815796983
6891	2.46153846153846	0	0.70972134603533
6891	2.07692307692308	0	0.70972134603533
6891	.	0	0.70972134603533
6893	2.10344827586207	10	-0.0911638776182757
6898	1.5625	0	-2.45034566219023
6898	1.52173913043478	0	-2.45034566219023
6898	1.62068965517241	0	-2.45034566219023
6898	.	0	-2.45034566219023
6898	1.45714285714286	0	-2.45034566219023
6900	2.26086956521739	2	-0.703521634103533
6900	1.65217391304348	0	-0.703521634103533
6900	1.6551724137931	0	-0.703521634103533
6900	1.44827586206897	0	-0.703521634103533
6901	2.61538461538462	0	-0.0170234029689006
6907	2.1304347826087	0	-0.616387341657765
6907	2.43478260869565	1	-0.616387341657765
6907	3.04545454545455	14	-0.616387341657765
6907	3.34782608695652	14	-0.616387341657765
6907	2.69565217391304	0	-0.616387341657765
6907	2.82608695652174	5	-0.616387341657765
6907	.	11	-0.616387341657765
6907	.	6	-0.616387341657765
6907	.	19	-0.616387341657765
6909	2.96875	0	0.498248098472824
6909	3.24390243902439	1	0.498248098472824
6909	3.31428571428571	11	0.498248098472824
6909	3.24390243902439	2	0.498248098472824
6909	2.90243902439024	0	0.498248098472824
6909	2.28571428571429	16	0.498248098472824
6909	.	21	0.498248098472824
6909	.	7	0.498248098472824
6909	.	10	0.498248098472824
6910	3.13333333333333	14	1.49371272513981
6910	3.30769230769231	0	1.49371272513981
6910	.	0	1.49371272513981
6912	3.34285714285714	1	-0.225614109859596
6912	2.82857142857143	0	-0.225614109859596
6912	2.88235294117647	0	-0.225614109859596
6912	.	0	-0.225614109859596
6912	.	0	-0.225614109859596
6914	2.5	10	0.337049703448266
6914	2.51111111111111	11	0.337049703448266
6914	3.27777777777778	12	0.337049703448266
6914	.	0	0.337049703448266
6914	.	0	0.337049703448266
6915	2.5	0	-0.143217513338856
6916	1.66666666666667	0	-0.939662886825392
6916	1.53846153846154	0	-0.939662886825392
6916	.	0	-0.939662886825392
6917	2.51724137931034	1	-0.363266063582817
6917	2.39130434782609	0	-0.363266063582817
6917	1.82608695652174	0	-0.363266063582817
6917	1.82857142857143	0	-0.363266063582817
6917	1.73170731707317	0	-0.363266063582817
6917	1.5609756097561	0	-0.363266063582817
6917	.	0	-0.363266063582817
6917	.	0	-0.363266063582817
6917	.	0	-0.363266063582817
6918	3.08571428571429	10	0.0393014313765766
6918	1.96551724137931	1	0.0393014313765766
6918	2.39130434782609	0	0.0393014313765766
6918	1.82608695652174	5	0.0393014313765766
6918	1.62068965517241	.	0.0393014313765766
6918	2.48780487804878	4	0.0393014313765766
6918	1.82926829268293	14	0.0393014313765766
6918	.	13	0.0393014313765766
6918	.	14	0.0393014313765766
6924	2.15625	0	-0.302873243482095
6924	2.02857142857143	0	-0.302873243482095
6924	1.53846153846154	0	-0.302873243482095
6924	2.59375	.	-0.302873243482095
6924	1.68571428571429	0	-0.302873243482095
6924	.	0	-0.302873243482095
6924	.	0	-0.302873243482095
6926	3.1304347826087	1	1.36119948976191
6926	2.59090909090909	1	1.36119948976191
6926	.	0	1.36119948976191
6929	3.02127659574468	18	0.639964926359419
6929	2.89655172413793	0	0.639964926359419
6929	2.5	7	0.639964926359419
6929	2.55263157894737	9	0.639964926359419
6929	.	0	0.639964926359419
6929	.	0	0.639964926359419
6930	1.65217391304348	0	-2.2210137675994
6930	.	0	-2.2210137675994
6933	2.09090909090909	9	0.963370102668134
6933	2.14634146341463	9	0.963370102668134
6933	2.02857142857143	0	0.963370102668134
6933	1.91176470588235	0	0.963370102668134
6933	2.10810810810811	0	0.963370102668134
6933	1.82051282051282	0	0.963370102668134
6933	.	0	0.963370102668134
6933	.	0	0.963370102668134
6933	.	0	0.963370102668134
6933	.	0	0.963370102668134
6934	2.37142857142857	0	0.648400005193143
6935	2.375	7	0.707314180181443
6939	1.58974358974359	0	-1.28890462507717
6940	3.20833333333333	10	0.864801307445679
6942	3.03448275862069	19	0.311419848336953
6942	2.46341463414634	10	0.311419848336953
6942	2.26923076923077	0	0.311419848336953
6942	.	0	0.311419848336953
6943	2.38888888888889	12	0.803794179676941
6944	2.69565217391304	20	0.638019453012073
6944	2.52173913043478	0	0.638019453012073
6944	2.43478260869565	26	0.638019453012073
6944	.	19	0.638019453012073
6945	2.85	0	-0.0756512318945942
6946	2.16279069767442	1	-0.705612439818497
6946	2.19512195121951	0	-0.705612439818497
6946	1.8	0	-0.705612439818497
6946	1.97368421052632	0	-0.705612439818497
6946	2.67741935483871	0	-0.705612439818497
6946	.	0	-0.705612439818497
6946	.	0	-0.705612439818497
6946	.	0	-0.705612439818497
6949	2.42857142857143	1	-0.49357878908828
6949	2.44444444444444	0	-0.49357878908828
6949	1.65714285714286	0	-0.49357878908828
6949	2.05714285714286	1	-0.49357878908828
6949	1.91428571428571	0	-0.49357878908828
6949	.	0	-0.49357878908828
6949	.	0	-0.49357878908828
6951	2.18181818181818	0	-0.287008838573011
6951	.	1	-0.287008838573011
6951	.	1	-0.287008838573011
6951	.	0	-0.287008838573011
6954	2.77777777777778	10	-0.586610740687949
6954	2.54054054054054	0	-0.586610740687949
6954	.	0	-0.586610740687949
6954	2.64102564102564	0	-0.586610740687949
6954	.	0	-0.586610740687949
6955	2.08695652173913	0	-1.04335302209401
6955	1.92682926829268	0	-1.04335302209401
6955	2.17073170731707	0	-1.04335302209401
6955	1.92682926829268	1	-1.04335302209401
6955	1.84615384615385	0	-1.04335302209401
6955	2.03125	4	-1.04335302209401
6955	.	0	-1.04335302209401
6955	.	0	-1.04335302209401
6955	.	0	-1.04335302209401
6960	2.625	16	0.724144746958175
6960	2.24390243902439	8	0.724144746958175
6961	2.86206896551724	1	0.760824263207057
6961	.	0	0.760824263207057
6961	3.2962962962963	6	0.760824263207057
6961	3.31428571428571	12	0.760824263207057
6961	.	11	0.760824263207057
6961	.	10	0.760824263207057
6961	.	26	0.760824263207057
6972	1.92307692307692	1	-0.325079368361916
6972	2.25714285714286	0	-0.325079368361916
6972	.	4	-0.325079368361916
6974	2.3265306122449	0	0.240892661685871
6974	2.59090909090909	0	0.240892661685871
6974	2.15384615384615	1	0.240892661685871
6974	2.17777777777778	9	0.240892661685871
6974	.	11	0.240892661685871
6974	.	8	0.240892661685871
6974	.	7	0.240892661685871
6978	1.94285714285714	0	-1.2472018890662
6978	.	0	-1.2472018890662
6990	3.07692307692308	13	1.33919474881549
6990	2.65384615384615	26	1.33919474881549
6990	3.81818181818182	10	1.33919474881549
6990	.	0	1.33919474881549
6991	2.39473684210526	0	-0.556141206679318
6991	1.88636363636364	0	-0.556141206679318
6991	1.40425531914894	0	-0.556141206679318
6991	2.11538461538462	0	-0.556141206679318
6991	.	0	-0.556141206679318
6991	.	0	-0.556141206679318
6996	2.31428571428571	16	0.390063897538048
6996	2.28125	1	0.390063897538048
6996	2.11428571428571	0	0.390063897538048
6999	2.7037037037037	20	1.73109935320504
6999	3	18	1.73109935320504
6999	3.14814814814815	16	1.73109935320504
6999	3.1	16	1.73109935320504
6999	.	14	1.73109935320504
6999	.	25	1.73109935320504
6999	.	0	1.73109935320504
7001	3.14893617021277	0	-0.172871081519584
7001	2.51428571428571	0	-0.172871081519584
7005	.	0	-0.142800851693288
7008	2.94871794871795	0	0.661129908361537
7008	.	0	0.661129908361537
7008	.	6	0.661129908361537
7008	.	0	0.661129908361537
7010	2.57894736842105	0	-1.21776193706801
7013	2.2	0	-0.772277763220723
7013	2.15	0	-0.772277763220723
7013	2.17142857142857	3	-0.772277763220723
7013	.	0	-0.772277763220723
7013	.	0	-0.772277763220723
7014	2.375	0	-1.41122918556159
7014	1.66666666666667	0	-1.41122918556159
7014	1.5609756097561	0	-1.41122918556159
7014	.	0	-1.41122918556159
7014	.	0	-1.41122918556159
7014	.	0	-1.41122918556159
7015	2.73170731707317	0	1.38939164290095
7016	2.93103448275862	.	0.0190050943405145
7016	3.24137931034483	18	0.0190050943405145
7016	.	15	0.0190050943405145
7016	.	12	0.0190050943405145
7016	.	13.7222222222222	0.0190050943405145
7017	1.56	0	-1.97780651331841
7017	2	0	-1.97780651331841
7017	1.875	0	-1.97780651331841
7017	.	0	-1.97780651331841
7017	.	0	-1.97780651331841
7017	.	0	-1.97780651331841
7018	2.21739130434783	2	-1.36343893278209
7018	1.69565217391304	0	-1.36343893278209
7018	2.17241379310345	16	-1.36343893278209
7018	.	20	-1.36343893278209
7018	.	7	-1.36343893278209
7018	.	0	-1.36343893278209
7021	3.17142857142857	0	0.23412390396522
7021	2.84210526315789	0	0.23412390396522
7021	2.51515151515152	0	0.23412390396522
7021	.	0	0.23412390396522
7021	.	0	0.23412390396522
7021	.	0	0.23412390396522
7027	2.56521739130435	14	0.420982101956812
7027	.	13	0.420982101956812
7027	.	14	0.420982101956812
7027	.	0	0.420982101956812
7027	.	8	0.420982101956812
7030	.	0	-1.15415447026597
7030	2.71875	0	-1.15415447026597
7030	.	25.3333333333333	-1.15415447026597
7031	2.75	0	-0.0998971993653668
7031	2.63636363636364	8	-0.0998971993653668
7031	.	0	-0.0998971993653668
7031	.	0	-0.0998971993653668
7031	.	0	-0.0998971993653668
7032	1.79310344827586	1	-1.76128287750385
7032	1.51724137931034	0	-1.76128287750385
7034	3.32142857142857	0	0.688203978528742
7034	.	13	0.688203978528742
7034	.	0	0.688203978528742
7034	.	0	0.688203978528742
7035	3	12.0909090909091	0.411790737233696
7035	2.30769230769231	11	0.411790737233696
7035	2.52173913043478	18	0.411790737233696
7035	.	0	0.411790737233696
7035	.	9	0.411790737233696
7037	.	15	0.0168957697810158
7038	2.84615384615385	4	0.967896089405707
7042	1.88235294117647	0	-0.14597166972022
7042	2.52941176470588	0	-0.14597166972022
7042	.	0	-0.14597166972022
7042	.	0	-0.14597166972022
7042	.	16	-0.14597166972022
7043	2.14814814814815	1	0.297669250188168
7047	2.7	18	-0.0595136393389493
7047	.	23	-0.0595136393389493
7048	3.08108108108108	0	1.14976616900408
7048	2.08888888888889	.	1.14976616900408
7048	.	0	1.14976616900408
7048	.	0	1.14976616900408
7048	.	0	1.14976616900408
7060	2.43333333333333	1	-0.847319293219716
7061	2.65384615384615	4	1.05991215023347
7061	2.74074074074074	0	1.05991215023347
7061	.	0	1.05991215023347
7061	.	0	1.05991215023347
7064	2.61111111111111	2	-1.05408122905052
7066	2.59259259259259	6.90909090909091	-1.05572378309914
7066	3.15384615384615	1	-1.05572378309914
7066	.	16	-1.05572378309914
7066	.	0	-1.05572378309914
7068	2.05263157894737	7	-0.499988302874508
7068	1.84375	0	-0.499988302874508
7068	.	0	-0.499988302874508
7068	.	0	-0.499988302874508
7068	.	0	-0.499988302874508
7071	2.2	3	0.0775057192751191
7071	.	5	0.0775057192751191
7073	2.13793103448276	19	-1.05452813883023
7073	.	5.27777777777778	-1.05452813883023
7073	.	9	-1.05452813883023
7073	.	7	-1.05452813883023
7074	3.17142857142857	0	0.835146647346055
7074	.	11	0.835146647346055
7074	.	0	0.835146647346055
7074	.	10	0.835146647346055
7080	1.87179487179487	0	-1.03849676665356
7080	.	0	-1.03849676665356
7080	.	7	-1.03849676665356
7080	.	0	-1.03849676665356
7086	2.14285714285714	0	1.25702400072643
7086	.	13	1.25702400072643
7086	.	12	1.25702400072643
7086	.	11.6111111111111	1.25702400072643
7091	2.41379310344828	0	-0.87005596625554
7091	.	0	-0.87005596625554
7091	.	11	-0.87005596625554
7091	.	0	-0.87005596625554
7092	2.26923076923077	0	-1.2228647362825
7095	.	0	0.0368578474653038
7095	.	0	0.0368578474653038
7095	.	11	0.0368578474653038
7098	.	0	-1.30925232016883
7098	.	2	-1.30925232016883
7098	.	9	-1.30925232016883
7100	3.08888888888889	18	0.658366746484755
7100	.	0	0.658366746484755
7100	.	0	0.658366746484755
7100	.	0	0.658366746484755
7101	2.4	13	-0.826950921067075
7101	.	9	-0.826950921067075
7101	.	0	-0.826950921067075
7101	.	8	-0.826950921067075
7111	.	13	0.0315228403157492
7111	.	7	0.0315228403157492
7111	.	0	0.0315228403157492
7114	.	0	0.0985700070787442
7114	.	22	0.0985700070787442
7114	.	0	0.0985700070787442
7118	.	22	-0.395127269828825
7118	.	28	-0.395127269828825
7118	.	26	-0.395127269828825
7121	.	21	-0.456839429442275
7121	.	14	-0.456839429442275
7121	.	15	-0.456839429442275
7126	.	0	-0.611119828475885
7126	.	0	-0.611119828475885
7148	.	1	-1.53680222267759
7154	.	10	0.0985700070787442
7154	.	12	0.0985700070787442
7155	.	18	-1.19738534480363
7159	.	5	1.57966183780146
7159	.	7	1.57966183780146
7164	.	9	0.0741094633626233
7167	.	26	0.345418645532533
7167	.	21	0.345418645532533
7168	.	16	0.653979443599763
7168	.	28	0.653979443599763
7173	.	12	0.21116069888519
7173	.	9	0.21116069888519
7173	.	7	0.21116069888519
7175	.	1	0.0368578474653038
7180	.	0	-0.0829354592295747
7180	.	5	-0.0829354592295747
7180	.	0	-0.0829354592295747
7183	.	13	-0.0510504598671531
7183	.	0	-0.0510504598671531
7183	.	0	-0.0510504598671531
7185	.	0	0.184631547261474
7185	.	0	0.184631547261474
7185	.	0	0.184631547261474
7187	.	15	0.138025346211523
7187	.	20	0.138025346211523
7187	.	12	0.138025346211523
7188	.	17	0.0767820028338797
7188	.	14.7777777777778	0.0767820028338797
7188	.	10.5555555555556	0.0767820028338797
7189	.	11	0.0927453431042417
7189	.	0	0.0927453431042417
7190	.	0	0.0993749388111224
7190	.	0	0.0993749388111224
7190	.	0	0.0993749388111224
7192	.	7	-0.0696654990196207
7192	.	7	-0.0696654990196207
7192	.	4	-0.0696654990196207
7193	.	0	0.248484908342921
7193	.	0	0.248484908342921
7194	.	7	0.151367899981888
7194	.	20	0.151367899981888
7194	.	24	0.151367899981888
7195	.	0	0.227144879744703
7195	.	3	0.227144879744703
7195	.	8	0.227144879744703
7196	.	23	0.258541303480706
7196	.	20	0.258541303480706
7196	.	18	0.258541303480706
7197	.	6	-0.0536813181601078
7197	.	6	-0.0536813181601078
7197	.	0	-0.0536813181601078
7201	.	14	0.116716229995414
7201	.	12	0.116716229995414
7203	.	8	-0.125605444633053
7203	.	0	-0.125605444633053
7203	.	6	-0.125605444633053
7204	.	0	0.390881919811235
7205	.	8	0.161944480131435
7205	.	12	0.161944480131435
7206	.	21.2352941176471	0.16067073216326
7206	.	27	0.16067073216326
7207	.	0	0.192587340911025
7207	.	0	0.192587340911025
7209	.	14	0.0394470245799562
7209	.	8	0.0394470245799562
7209	.	11	0.0394470245799562
7211	.	15.8333333333333	0.38554691266168
7211	.	0	0.38554691266168
7215	.	0	0.0141607085423062
7215	.	0	0.0141607085423062
7216	.	29	0.373519788037792
7216	.	26	0.373519788037792
7217	.	4.22222222222222	-0.0323829707401921
7217	.	0	-0.0323829707401921
7219	.	10	0.0475487023535637
7219	.	5.27777777777778	0.0475487023535637
7223	.	20	0.176488188309565
7223	.	9	0.176488188309565
7224	.	7	0.370888929744837
7224	.	10	0.370888929744837
7227	.	12	0.173929923577021
7227	.	20	0.173929923577021
7229	.	16	-0.0230599949729034
7229	.	6	-0.0230599949729034
7231	.	0	-0.0923525661496592
7231	.	0	-0.0923525661496592
7233	.	5	0.30574028310283
7233	.	0	0.30574028310283
7235	.	10	0.156630313571031
7236	.	11	0.267173238059033
7237	.	1	0.199216936617905
7237	.	13	0.199216936617905
7238	.	8	0.47660483550161
7238	.	0	0.47660483550161
7240	.	21	0.110024112521081
7240	.	26	0.110024112521081
7241	.	12	-0.0829146186404238
7251	.	0	0.0474028182295072
7251	.	0	0.0474028182295072
7268	.	22	0.171309137077025
7268	.	17	0.171309137077025
7269	.	10	0.0408041349047356
7269	.	8	0.0408041349047356
7272	.	0	0.167290256077182
7272	.	7	0.167290256077182
7275	.	11	0.144665710714596
7275	.	0	0.144665710714596
7278	.	11	0.163249837484954
7278	.	14	0.163249837484954
7279	.	16	-0.0244271770906411
7279	.	16	-0.0244271770906411
7285	.	12	0.068784528006027
7285	.	21	0.068784528006027
7292	.	3	0.147286497214592
7292	.	0	0.147286497214592
7298	.	12	0.0208945071949426
7299	.	18	0.332301044111889
7299	.	0	0.332301044111889
7304	.	17	0.0129178729562407
7305	.	12	0.136668235886743
7306	.	0	0.0860323850407569
7307	.	0	0.171278224694916
7308	.	0	0.352283962385328
7309	.	28.5	0.207266164417019
7310	.	11	0.131416591093793
7311	.	9	0.235975671786336
7312	.	8	0.00492039812838806
7313	.	17	0.0980702784608371
7317	.	12	0.0381315954334792
7318	.	26.3888888888889	0.0833390049803489
7320	.	1	0.130048711972821
7323	.	0	0.0821586911617366
7324	.	16	0.136668235886743
7325	.	8	0.142003243036298
7331	.	12	0.263143588262997
7332	.	5	-0.00173003816764351
7334	.	20	0.261744796759917
7336	.	10	0.235142354572555
7337	.	10	0.0767820028338797
7338	.	12	0.32168278278404
7339	.	25	0.12864992046974
7340	.	6	-0.0403488361827007
7343	.	7	0.127397013090715
7344	.	6	0.192618253293134
7345	.	13	0.0874520171329887
7346	.	9	0.193819407700898
7365	.	14	0.0301865705801214
7367	.	18	0.177897748608838
7373	.	14	0.296364857361047
7375	.	15	0.177856067430536
7376	.	16	0.0406944999333516
7377	.	7	0.136668235886743
7379	.	19	0.0568199251495917
7381	.	15	0.181864876637421
7385	.	19	0.098101190842947
